1.415000000000000000e+03,2.680055175781250000e+03
1.415002400000000080e+03,2.462969970703125000e+03
1.415004899999999907e+03,2.476361083984375000e+03
1.415007299999999987e+03,2.473412597656250000e+03
1.415009800000000041e+03,2.564708984375000000e+03
1.415012199999999893e+03,2.503805175781250000e+03
1.415014599999999973e+03,2.604746093750000000e+03
1.415017100000000028e+03,2.530424316406250000e+03
1.415019500000000107e+03,2.688673095703125000e+03
1.415021999999999935e+03,2.680108154296875000e+03
1.415024400000000014e+03,2.687695800781250000e+03
1.415026900000000069e+03,2.805789306640625000e+03
1.415029299999999921e+03,2.878294677734375000e+03
1.415031700000000001e+03,2.814746093750000000e+03
1.415034200000000055e+03,2.793328125000000000e+03
1.415036599999999908e+03,2.889999023437500000e+03
1.415039099999999962e+03,3.029027587890625000e+03
1.415041500000000042e+03,2.921510742187500000e+03
1.415043899999999894e+03,3.152190429687500000e+03
1.415046399999999949e+03,2.995386718750000000e+03
1.415048800000000028e+03,3.158315673828125000e+03
1.415051300000000083e+03,3.096386230468750000e+03
1.415053699999999935e+03,3.138452636718750000e+03
1.415056199999999990e+03,3.116503173828125000e+03
1.415058600000000069e+03,3.238038330078125000e+03
1.415060999999999922e+03,3.261342041015625000e+03
1.415063499999999976e+03,3.268544433593750000e+03
1.415065900000000056e+03,3.384564697265625000e+03
1.415068400000000111e+03,3.383239257812500000e+03
1.415070799999999963e+03,3.349394531250000000e+03
1.415073200000000043e+03,3.490114746093750000e+03
1.415075700000000097e+03,3.526620849609375000e+03
1.415078099999999949e+03,3.604468017578125000e+03
1.415080600000000004e+03,3.422088867187500000e+03
1.415083000000000084e+03,3.555338867187500000e+03
1.415085399999999936e+03,3.574838867187500000e+03
1.415087899999999991e+03,3.763834472656250000e+03
1.415090300000000070e+03,3.552569580078125000e+03
1.415092799999999897e+03,3.483853515625000000e+03
1.415095199999999977e+03,3.843659667968750000e+03
1.415097700000000032e+03,3.743954101562500000e+03
1.415100100000000111e+03,3.831014892578125000e+03
1.415102499999999964e+03,4.015717529296875000e+03
1.415105000000000018e+03,3.990543212890625000e+03
1.415107400000000098e+03,3.908524902343750000e+03
1.415109899999999925e+03,4.017177490234375000e+03
1.415112300000000005e+03,3.998421142578125000e+03
1.415114700000000084e+03,4.014405517578125000e+03
1.415117199999999912e+03,4.191073242187500000e+03
1.415119599999999991e+03,4.141669433593750000e+03
1.415122100000000046e+03,4.259404785156250000e+03
1.415124499999999898e+03,4.137562988281250000e+03
1.415126999999999953e+03,4.071776367187500000e+03
1.415129400000000032e+03,4.277070312500000000e+03
1.415131800000000112e+03,4.066803955078125000e+03
1.415134299999999939e+03,4.200069335937500000e+03
1.415136700000000019e+03,4.302180175781250000e+03
1.415139200000000073e+03,4.279699707031250000e+03
1.415141599999999926e+03,4.364006835937500000e+03
1.415144000000000005e+03,4.431624511718750000e+03
1.415146500000000060e+03,4.523831054687500000e+03
1.415148899999999912e+03,4.565739257812500000e+03
1.415151399999999967e+03,4.449968750000000000e+03
1.415153800000000047e+03,4.593429199218750000e+03
1.415156199999999899e+03,4.497958007812500000e+03
1.415158699999999953e+03,4.442314453125000000e+03
1.415161100000000033e+03,4.658913085937500000e+03
1.415163600000000088e+03,4.661648437500000000e+03
1.415165999999999940e+03,4.850404785156250000e+03
1.415168499999999995e+03,4.761561523437500000e+03
1.415170900000000074e+03,4.779187988281250000e+03
1.415173299999999927e+03,4.720190917968750000e+03
1.415175799999999981e+03,4.966980957031250000e+03
1.415178200000000061e+03,4.748012207031250000e+03
1.415180699999999888e+03,4.813920410156250000e+03
1.415183099999999968e+03,4.698296875000000000e+03
1.415185500000000047e+03,4.786258789062500000e+03
1.415188000000000102e+03,4.955946777343750000e+03
1.415190399999999954e+03,4.967295410156250000e+03
1.415192900000000009e+03,5.006189453125000000e+03
1.415195300000000088e+03,5.221673339843750000e+03
1.415197799999999916e+03,5.187423339843750000e+03
1.415200199999999995e+03,5.175273437500000000e+03
1.415202600000000075e+03,5.062047851562500000e+03
1.415205099999999902e+03,5.167518066406250000e+03
1.415207499999999982e+03,5.150750000000000000e+03
1.415210000000000036e+03,5.326716796875000000e+03
1.415212399999999889e+03,5.140633300781250000e+03
1.415214799999999968e+03,5.186312011718750000e+03
1.415217300000000023e+03,5.333866699218750000e+03
1.415219700000000103e+03,5.328950195312500000e+03
1.415222199999999930e+03,5.420518554687500000e+03
1.415224600000000009e+03,5.332143554687500000e+03
1.415227100000000064e+03,5.655268066406250000e+03
1.415229499999999916e+03,5.552327636718750000e+03
1.415231899999999996e+03,5.611989257812500000e+03
1.415234400000000051e+03,5.502816406250000000e+03
1.415236799999999903e+03,5.589336914062500000e+03
1.415239299999999957e+03,5.422552246093750000e+03
1.415241700000000037e+03,5.571477050781250000e+03
1.415244099999999889e+03,5.722265136718750000e+03
1.415246599999999944e+03,5.522626953125000000e+03
1.415249000000000024e+03,5.789369140625000000e+03
1.415251500000000078e+03,5.652104492187500000e+03
1.415253899999999931e+03,5.767987792968750000e+03
1.415256300000000010e+03,5.887828613281250000e+03
1.415258800000000065e+03,5.999163085937500000e+03
1.415261199999999917e+03,5.871141601562500000e+03
1.415263699999999972e+03,5.946664550781250000e+03
1.415266100000000051e+03,5.968155761718750000e+03
1.415268600000000106e+03,5.940107910156250000e+03
1.415270999999999958e+03,5.856109375000000000e+03
1.415273400000000038e+03,5.952877929687500000e+03
1.415275900000000092e+03,6.153380371093750000e+03
1.415278299999999945e+03,6.002779785156250000e+03
1.415280799999999999e+03,5.994266601562500000e+03
1.415283200000000079e+03,6.250427246093750000e+03
1.415285599999999931e+03,6.012702148437500000e+03
1.415288099999999986e+03,6.128951171875000000e+03
1.415290500000000065e+03,6.142633789062500000e+03
1.415292999999999893e+03,6.232827636718750000e+03
1.415295399999999972e+03,6.192748535156250000e+03
1.415297900000000027e+03,6.368099121093750000e+03
1.415300300000000107e+03,6.278573730468750000e+03
1.415302699999999959e+03,6.076658203125000000e+03
1.415305200000000013e+03,6.238025878906250000e+03
1.415307600000000093e+03,6.343353027343750000e+03
1.415310099999999920e+03,6.314414062500000000e+03
1.415312500000000000e+03,6.495533691406250000e+03
1.415314900000000080e+03,6.240984375000000000e+03
1.415317399999999907e+03,6.255842285156250000e+03
1.415319799999999987e+03,6.222770996093750000e+03
1.415322300000000041e+03,6.512522460937500000e+03
1.415324699999999893e+03,6.628029296875000000e+03
1.415327099999999973e+03,6.362462402343750000e+03
1.415329600000000028e+03,6.781215820312500000e+03
1.415332000000000107e+03,6.494882324218750000e+03
1.415334499999999935e+03,6.631176269531250000e+03
1.415336900000000014e+03,6.796240722656250000e+03
1.415339400000000069e+03,6.675040527343750000e+03
1.415341799999999921e+03,6.589886230468750000e+03
1.415344200000000001e+03,6.312995605468750000e+03
1.415346700000000055e+03,6.738637695312500000e+03
1.415349099999999908e+03,6.665666015625000000e+03
1.415351599999999962e+03,6.728134277343750000e+03
1.415354000000000042e+03,6.744312988281250000e+03
1.415356399999999894e+03,6.660662109375000000e+03
1.415358899999999949e+03,7.084100097656250000e+03
1.415361300000000028e+03,6.880136230468750000e+03
1.415363800000000083e+03,7.207569824218750000e+03
1.415366199999999935e+03,7.026666503906250000e+03
1.415368699999999990e+03,6.853428710937500000e+03
1.415371100000000069e+03,6.949625000000000000e+03
1.415373499999999922e+03,7.063564941406250000e+03
1.415375999999999976e+03,6.911579101562500000e+03
1.415378400000000056e+03,6.534528320312500000e+03
1.415380900000000111e+03,7.023098632812500000e+03
1.415383299999999963e+03,7.116489746093750000e+03
1.415385700000000043e+03,6.904270507812500000e+03
1.415388200000000097e+03,6.913140136718750000e+03
1.415390599999999949e+03,6.966389648437500000e+03
1.415393100000000004e+03,6.872727050781250000e+03
1.415395500000000084e+03,7.270055175781250000e+03
1.415397899999999936e+03,7.046919921875000000e+03
1.415400399999999991e+03,7.178199218750000000e+03
1.415402800000000070e+03,7.278185546875000000e+03
1.415405299999999897e+03,7.258264160156250000e+03
1.415407699999999977e+03,7.233866210937500000e+03
1.415410200000000032e+03,7.204293457031250000e+03
1.415412600000000111e+03,6.996203125000000000e+03
1.415414999999999964e+03,7.151341796875000000e+03
1.415417500000000018e+03,7.175585449218750000e+03
1.415419900000000098e+03,7.405079101562500000e+03
1.415422399999999925e+03,7.123080566406250000e+03
1.415424800000000005e+03,7.320423339843750000e+03
1.415427200000000084e+03,7.128604980468750000e+03
1.415429699999999912e+03,7.375778320312500000e+03
1.415432099999999991e+03,7.255017578125000000e+03
1.415434600000000046e+03,7.105877441406250000e+03
1.415436999999999898e+03,7.387551269531250000e+03
1.415439499999999953e+03,7.203090332031250000e+03
1.415441900000000032e+03,7.113208984375000000e+03
1.415444300000000112e+03,7.335255859375000000e+03
1.415446799999999939e+03,7.295053710937500000e+03
1.415449200000000019e+03,7.221992675781250000e+03
1.415451700000000073e+03,7.526339355468750000e+03
1.415454099999999926e+03,7.357781738281250000e+03
1.415456500000000005e+03,7.277045410156250000e+03
1.415459000000000060e+03,7.327695800781250000e+03
1.415461399999999912e+03,7.312863769531250000e+03
1.415463899999999967e+03,7.328761718750000000e+03
1.415466300000000047e+03,7.452746582031250000e+03
1.415468800000000101e+03,7.085412597656250000e+03
1.415471199999999953e+03,7.421951171875000000e+03
1.415473600000000033e+03,7.580228027343750000e+03
1.415476100000000088e+03,7.187346191406250000e+03
1.415478499999999940e+03,7.383751953125000000e+03
1.415480999999999995e+03,7.313596679687500000e+03
1.415483400000000074e+03,7.353738281250000000e+03
1.415485799999999927e+03,7.218600097656250000e+03
1.415488299999999981e+03,7.560056152343750000e+03
1.415490700000000061e+03,7.417808105468750000e+03
1.415493199999999888e+03,7.481825683593750000e+03
1.415495599999999968e+03,7.543762207031250000e+03
1.415498000000000047e+03,7.428735839843750000e+03
1.415500500000000102e+03,7.329465820312500000e+03
1.415502899999999954e+03,7.697242187500000000e+03
1.415505400000000009e+03,7.382347167968750000e+03
1.415507800000000088e+03,7.446564941406250000e+03
1.415510299999999916e+03,7.558452148437500000e+03
1.415512699999999995e+03,7.475408203125000000e+03
1.415515100000000075e+03,7.414985839843750000e+03
1.415517599999999902e+03,7.501551757812500000e+03
1.415519999999999982e+03,7.539607421875000000e+03
1.415522500000000036e+03,7.387143066406250000e+03
1.415524899999999889e+03,7.378441406250000000e+03
1.415527299999999968e+03,7.572210449218750000e+03
1.415529800000000023e+03,7.423834960937500000e+03
1.415532200000000103e+03,7.287837402343750000e+03
1.415534699999999930e+03,7.483826171875000000e+03
1.415537100000000009e+03,7.776294433593750000e+03
1.415539600000000064e+03,7.619758300781250000e+03
1.415541999999999916e+03,7.630191406250000000e+03
1.415544399999999996e+03,7.810781738281250000e+03
1.415546900000000051e+03,7.692645507812500000e+03
1.415549299999999903e+03,7.787465820312500000e+03
1.415551799999999957e+03,7.629968750000000000e+03
1.415554200000000037e+03,7.643621582031250000e+03
1.415556599999999889e+03,7.862906250000000000e+03
1.415559099999999944e+03,7.557757812500000000e+03
1.415561500000000024e+03,7.479830566406250000e+03
1.415564000000000078e+03,7.321084960937500000e+03
1.415566399999999931e+03,7.768759765625000000e+03
1.415568800000000010e+03,7.715538574218750000e+03
1.415571300000000065e+03,7.559501464843750000e+03
1.415573699999999917e+03,7.832461425781250000e+03
1.415576199999999972e+03,7.777232910156250000e+03
1.415578600000000051e+03,7.818792968750000000e+03
1.415581100000000106e+03,7.586098632812500000e+03
1.415583499999999958e+03,7.649233398437500000e+03
1.415585900000000038e+03,7.888980957031250000e+03
1.415588400000000092e+03,7.731678222656250000e+03
1.415590799999999945e+03,7.555854492187500000e+03
1.415593299999999999e+03,7.634843261718750000e+03
1.415595700000000079e+03,7.856193359375000000e+03
1.415598099999999931e+03,7.602935058593750000e+03
1.415600599999999986e+03,7.811096191406250000e+03
1.415603000000000065e+03,7.537576171875000000e+03
1.415605499999999893e+03,7.503894531250000000e+03
1.415607899999999972e+03,7.629963867187500000e+03
1.415610400000000027e+03,7.789551757812500000e+03
1.415612800000000107e+03,7.810498535156250000e+03
1.415615199999999959e+03,7.773204589843750000e+03
1.415617700000000013e+03,7.653954589843750000e+03
1.415620100000000093e+03,7.981614257812500000e+03
1.415622599999999920e+03,7.773541503906250000e+03
1.415625000000000000e+03,7.700389648437500000e+03
1.415627400000000080e+03,7.899331054687500000e+03
1.415629899999999907e+03,7.597666992187500000e+03
1.415632299999999987e+03,7.870688964843750000e+03
1.415634800000000041e+03,7.720729003906250000e+03
1.415637199999999893e+03,7.674520019531250000e+03
1.415639599999999973e+03,7.379261718750000000e+03
1.415642100000000028e+03,7.834860839843750000e+03
1.415644500000000107e+03,7.807857421875000000e+03
1.415646999999999935e+03,7.612611816406250000e+03
1.415649400000000014e+03,7.885217773437500000e+03
1.415651900000000069e+03,7.650562988281250000e+03
1.415654299999999921e+03,7.604069824218750000e+03
1.415656700000000001e+03,7.546967285156250000e+03
1.415659200000000055e+03,7.865488769531250000e+03
1.415661599999999908e+03,7.456545410156250000e+03
1.415664099999999962e+03,7.620291015625000000e+03
1.415666500000000042e+03,7.878623046875000000e+03
1.415668899999999894e+03,7.807354492187500000e+03
1.415671399999999949e+03,7.646129394531250000e+03
1.415673800000000028e+03,7.693717773437500000e+03
1.415676300000000083e+03,7.684244628906250000e+03
1.415678699999999935e+03,7.539147949218750000e+03
1.415681199999999990e+03,7.827822265625000000e+03
1.415683600000000069e+03,7.785529785156250000e+03
1.415685999999999922e+03,7.696587402343750000e+03
1.415688499999999976e+03,7.753489746093750000e+03
1.415690900000000056e+03,8.057853515625000000e+03
1.415693400000000111e+03,7.746454589843750000e+03
1.415695799999999963e+03,7.671422363281250000e+03
1.415698200000000043e+03,7.663215820312500000e+03
1.415700700000000097e+03,7.332208984375000000e+03
1.415703099999999949e+03,7.538247070312500000e+03
1.415705600000000004e+03,7.699096191406250000e+03
1.415708000000000084e+03,7.824269042968750000e+03
1.415710399999999936e+03,7.548630371093750000e+03
1.415712899999999991e+03,7.646062500000000000e+03
1.415715300000000070e+03,7.660262207031250000e+03
1.415717799999999897e+03,7.657769042968750000e+03
1.415720199999999977e+03,7.714861816406250000e+03
1.415722700000000032e+03,7.414192871093750000e+03
1.415725100000000111e+03,7.705111328125000000e+03
1.415727499999999964e+03,7.862876953125000000e+03
1.415730000000000018e+03,7.771264648437500000e+03
1.415732400000000098e+03,7.831981445312500000e+03
1.415734899999999925e+03,7.903399902343750000e+03
1.415737300000000005e+03,7.535453613281250000e+03
1.415739700000000084e+03,7.682951171875000000e+03
1.415742199999999912e+03,7.863658203125000000e+03
1.415744599999999991e+03,7.656146484375000000e+03
1.415747100000000046e+03,7.876360839843750000e+03
1.415749499999999898e+03,7.670591308593750000e+03
1.415751999999999953e+03,7.741010253906250000e+03
1.415754400000000032e+03,7.355564941406250000e+03
1.415756800000000112e+03,7.794042480468750000e+03
1.415759299999999939e+03,7.582906250000000000e+03
1.415761700000000019e+03,7.631759765625000000e+03
1.415764200000000073e+03,7.663255859375000000e+03
1.415766599999999926e+03,7.467721679687500000e+03
1.415769000000000005e+03,7.728555175781250000e+03
1.415771500000000060e+03,7.406492187500000000e+03
1.415773899999999912e+03,7.726699218750000000e+03
1.415776399999999967e+03,7.494200195312500000e+03
1.415778800000000047e+03,7.799251953125000000e+03
1.415781199999999899e+03,7.323616210937500000e+03
1.415783699999999953e+03,7.677579101562500000e+03
1.415786100000000033e+03,7.448806640625000000e+03
1.415788600000000088e+03,7.709312988281250000e+03
1.415790999999999940e+03,7.678388183593750000e+03
1.415793499999999995e+03,7.485328125000000000e+03
1.415795900000000074e+03,7.794768066406250000e+03
1.415798299999999927e+03,7.765714355468750000e+03
1.415800799999999981e+03,7.400784667968750000e+03
1.415803200000000061e+03,7.694226562500000000e+03
1.415805699999999888e+03,7.445281738281250000e+03
1.415808099999999968e+03,7.605026367187500000e+03
1.415810500000000047e+03,7.662469726562500000e+03
1.415813000000000102e+03,7.545847167968750000e+03
1.415815399999999954e+03,7.305338378906250000e+03
1.415817900000000009e+03,7.776222167968750000e+03
1.415820300000000088e+03,7.711001464843750000e+03
1.415822799999999916e+03,7.479940917968750000e+03
1.415825199999999995e+03,7.472065429687500000e+03
1.415827600000000075e+03,7.470821777343750000e+03
1.415830099999999902e+03,7.612980957031250000e+03
1.415832499999999982e+03,7.656419433593750000e+03
1.415835000000000036e+03,7.616180664062500000e+03
1.415837399999999889e+03,7.445713378906250000e+03
1.415839799999999968e+03,7.448206542968750000e+03
1.415842300000000023e+03,7.611632812500000000e+03
1.415844700000000103e+03,7.562179199218750000e+03
1.415847199999999930e+03,7.509804687500000000e+03
1.415849600000000009e+03,7.571005371093750000e+03
1.415852100000000064e+03,7.572520996093750000e+03
1.415854499999999916e+03,7.650498535156250000e+03
1.415856899999999996e+03,7.473333007812500000e+03
1.415859400000000051e+03,7.403201660156250000e+03
1.415861799999999903e+03,7.591342285156250000e+03
1.415864299999999957e+03,7.548308105468750000e+03
1.415866700000000037e+03,7.385389648437500000e+03
1.415869099999999889e+03,7.421620117187500000e+03
1.415871599999999944e+03,7.366153808593750000e+03
1.415874000000000024e+03,7.210015136718750000e+03
1.415876500000000078e+03,7.611685546875000000e+03
1.415878899999999931e+03,7.642375976562500000e+03
1.415881300000000010e+03,7.466078613281250000e+03
1.415883800000000065e+03,7.554567871093750000e+03
1.415886199999999917e+03,7.407061035156250000e+03
1.415888699999999972e+03,7.505660644531250000e+03
1.415891100000000051e+03,7.483816894531250000e+03
1.415893600000000106e+03,7.409412109375000000e+03
1.415895999999999958e+03,7.581160156250000000e+03
1.415898400000000038e+03,7.432451171875000000e+03
1.415900900000000092e+03,7.636009765625000000e+03
1.415903299999999945e+03,7.528693359375000000e+03
1.415905799999999999e+03,7.368877441406250000e+03
1.415908200000000079e+03,7.486151855468750000e+03
1.415910599999999931e+03,7.432910156250000000e+03
1.415913099999999986e+03,7.064992187500000000e+03
1.415915500000000065e+03,7.179012207031250000e+03
1.415917999999999893e+03,7.509775878906250000e+03
1.415920399999999972e+03,7.674149414062500000e+03
1.415922900000000027e+03,7.479207031250000000e+03
1.415925300000000107e+03,7.214638183593750000e+03
1.415927699999999959e+03,7.467437500000000000e+03
1.415930200000000013e+03,7.283240234375000000e+03
1.415932600000000093e+03,7.401682617187500000e+03
1.415935099999999920e+03,7.721184570312500000e+03
1.415937500000000000e+03,7.421952148437500000e+03
1.415939900000000080e+03,7.389467773437500000e+03
1.415942399999999907e+03,7.490938964843750000e+03
1.415944799999999987e+03,7.311208007812500000e+03
1.415947300000000041e+03,7.419383300781250000e+03
1.415949699999999893e+03,7.293958496093750000e+03
1.415952099999999973e+03,7.372250976562500000e+03
1.415954600000000028e+03,7.367930175781250000e+03
1.415957000000000107e+03,7.435555175781250000e+03
1.415959499999999935e+03,7.237012695312500000e+03
1.415961900000000014e+03,7.744220214843750000e+03
1.415964400000000069e+03,7.493374511718750000e+03
1.415966799999999921e+03,7.353606445312500000e+03
1.415969200000000001e+03,7.418778320312500000e+03
1.415971700000000055e+03,7.350669433593750000e+03
1.415974099999999908e+03,7.437767089843750000e+03
1.415976599999999962e+03,7.462515136718750000e+03
1.415979000000000042e+03,7.359810546875000000e+03
1.415981399999999894e+03,7.476583984375000000e+03
1.415983899999999949e+03,7.339432128906250000e+03
1.415986300000000028e+03,7.476359863281250000e+03
1.415988800000000083e+03,7.654432128906250000e+03
1.415991199999999935e+03,7.583071777343750000e+03
1.415993699999999990e+03,7.375362304687500000e+03
1.415996100000000069e+03,7.379726562500000000e+03
1.415998499999999922e+03,7.429272949218750000e+03
1.416000999999999976e+03,7.385025390625000000e+03
1.416003400000000056e+03,7.284640136718750000e+03
1.416005900000000111e+03,7.126519042968750000e+03
1.416008299999999963e+03,7.264229003906250000e+03
1.416010700000000043e+03,7.610041503906250000e+03
1.416013200000000097e+03,7.633896972656250000e+03
1.416015599999999949e+03,7.277678222656250000e+03
1.416018100000000004e+03,7.194368652343750000e+03
1.416020500000000084e+03,7.403279785156250000e+03
1.416022899999999936e+03,7.487207031250000000e+03
1.416025399999999991e+03,7.293114257812500000e+03
1.416027800000000070e+03,7.378834472656250000e+03
1.416030299999999897e+03,7.452102539062500000e+03
1.416032699999999977e+03,7.253765625000000000e+03
1.416035200000000032e+03,7.477769042968750000e+03
1.416037600000000111e+03,7.267923339843750000e+03
1.416039999999999964e+03,7.331463378906250000e+03
1.416042500000000018e+03,7.401076171875000000e+03
1.416044900000000098e+03,7.533334472656250000e+03
1.416047399999999925e+03,7.311215820312500000e+03
1.416049800000000005e+03,7.340662597656250000e+03
1.416052200000000084e+03,7.365363769531250000e+03
1.416054699999999912e+03,7.459037597656250000e+03
1.416057099999999991e+03,7.354432617187500000e+03
1.416059600000000046e+03,7.392725585937500000e+03
1.416061999999999898e+03,7.244872558593750000e+03
1.416064499999999953e+03,7.304609375000000000e+03
1.416066900000000032e+03,7.273573730468750000e+03
1.416069300000000112e+03,7.294088867187500000e+03
1.416071799999999939e+03,7.457479003906250000e+03
1.416074200000000019e+03,7.195341796875000000e+03
1.416076700000000073e+03,7.468359375000000000e+03
1.416079099999999926e+03,7.554527343750000000e+03
1.416081500000000005e+03,7.288405761718750000e+03
1.416084000000000060e+03,7.360796875000000000e+03
1.416086399999999912e+03,7.191283203125000000e+03
1.416088899999999967e+03,7.112660156250000000e+03
1.416091300000000047e+03,7.314800781250000000e+03
1.416093800000000101e+03,7.282671386718750000e+03
1.416096199999999953e+03,7.201469726562500000e+03
1.416098600000000033e+03,7.481773437500000000e+03
1.416101100000000088e+03,7.315133789062500000e+03
1.416103499999999940e+03,7.309793457031250000e+03
1.416105999999999995e+03,7.088259277343750000e+03
1.416108400000000074e+03,7.529494628906250000e+03
1.416110799999999927e+03,7.313718261718750000e+03
1.416113299999999981e+03,7.167060058593750000e+03
1.416115700000000061e+03,7.427421386718750000e+03
1.416118199999999888e+03,7.414181640625000000e+03
1.416120599999999968e+03,7.542897460937500000e+03
1.416123000000000047e+03,7.497995117187500000e+03
1.416125500000000102e+03,7.329675781250000000e+03
1.416127899999999954e+03,7.487438964843750000e+03
1.416130400000000009e+03,7.407700195312500000e+03
1.416132800000000088e+03,7.558333007812500000e+03
1.416135299999999916e+03,7.072176757812500000e+03
1.416137699999999995e+03,7.299380859375000000e+03
1.416140100000000075e+03,7.563458496093750000e+03
1.416142599999999902e+03,7.600204101562500000e+03
1.416144999999999982e+03,7.217481445312500000e+03
1.416147500000000036e+03,7.437354492187500000e+03
1.416149899999999889e+03,7.329087402343750000e+03
1.416152299999999968e+03,7.528512695312500000e+03
1.416154800000000023e+03,7.424714355468750000e+03
1.416157200000000103e+03,7.191445800781250000e+03
1.416159699999999930e+03,7.069627929687500000e+03
1.416162100000000009e+03,7.292660156250000000e+03
1.416164600000000064e+03,7.301908691406250000e+03
1.416166999999999916e+03,7.257051269531250000e+03
1.416169399999999996e+03,7.413394531250000000e+03
1.416171900000000051e+03,7.447408203125000000e+03
1.416174299999999903e+03,7.253487304687500000e+03
1.416176799999999957e+03,7.169822265625000000e+03
1.416179200000000037e+03,7.292255859375000000e+03
1.416181599999999889e+03,7.191954589843750000e+03
1.416184099999999944e+03,7.296232910156250000e+03
1.416186500000000024e+03,7.370375000000000000e+03
1.416189000000000078e+03,7.240083984375000000e+03
1.416191399999999931e+03,7.540213378906250000e+03
1.416193800000000010e+03,7.471247070312500000e+03
1.416196300000000065e+03,7.363542968750000000e+03
1.416198699999999917e+03,7.281529785156250000e+03
1.416201199999999972e+03,7.279608886718750000e+03
1.416203600000000051e+03,7.328990234375000000e+03
1.416206100000000106e+03,7.397532714843750000e+03
1.416208499999999958e+03,7.298859375000000000e+03
1.416210900000000038e+03,7.223218261718750000e+03
1.416213400000000092e+03,7.367536132812500000e+03
1.416215799999999945e+03,7.369082519531250000e+03
1.416218299999999999e+03,7.417175292968750000e+03
1.416220700000000079e+03,7.468551757812500000e+03
1.416223099999999931e+03,7.299631347656250000e+03
1.416225599999999986e+03,7.333994628906250000e+03
1.416228000000000065e+03,7.294162597656250000e+03
1.416230499999999893e+03,7.213171386718750000e+03
1.416232899999999972e+03,7.264801757812500000e+03
1.416235400000000027e+03,7.320777832031250000e+03
1.416237800000000107e+03,7.499223144531250000e+03
1.416240199999999959e+03,7.206088867187500000e+03
1.416242700000000013e+03,7.476818359375000000e+03
1.416245100000000093e+03,7.217808105468750000e+03
1.416247599999999920e+03,7.393235351562500000e+03
1.416250000000000000e+03,7.301600585937500000e+03
1.416252400000000080e+03,7.183365722656250000e+03
1.416254899999999907e+03,7.195490234375000000e+03
1.416257299999999987e+03,7.463263183593750000e+03
1.416259800000000041e+03,7.282906250000000000e+03
1.416262199999999893e+03,7.275504882812500000e+03
1.416264599999999973e+03,7.312114257812500000e+03
1.416267100000000028e+03,7.428143066406250000e+03
1.416269500000000107e+03,7.149844238281250000e+03
1.416271999999999935e+03,7.201531250000000000e+03
1.416274400000000014e+03,7.508525390625000000e+03
1.416276900000000069e+03,7.290187988281250000e+03
1.416279299999999921e+03,7.286737792968750000e+03
1.416281700000000001e+03,7.420908203125000000e+03
1.416284200000000055e+03,7.322025390625000000e+03
1.416286599999999908e+03,7.560708984375000000e+03
1.416289099999999962e+03,7.347896972656250000e+03
1.416291500000000042e+03,7.681646972656250000e+03
1.416293899999999894e+03,7.499763183593750000e+03
1.416296399999999949e+03,7.248076171875000000e+03
1.416298800000000028e+03,7.344329589843750000e+03
1.416301300000000083e+03,7.491883789062500000e+03
1.416303699999999935e+03,7.149416992187500000e+03
1.416306199999999990e+03,7.435097656250000000e+03
1.416308600000000069e+03,7.438980957031250000e+03
1.416310999999999922e+03,7.304187988281250000e+03
1.416313499999999976e+03,7.358956054687500000e+03
1.416315900000000056e+03,7.311536132812500000e+03
1.416318400000000111e+03,7.498668945312500000e+03
1.416320799999999963e+03,7.225892578125000000e+03
1.416323200000000043e+03,7.475076660156250000e+03
1.416325700000000097e+03,7.189555175781250000e+03
1.416328099999999949e+03,7.235604003906250000e+03
1.416330600000000004e+03,7.304536132812500000e+03
1.416333000000000084e+03,7.205851074218750000e+03
1.416335399999999936e+03,7.587393554687500000e+03
1.416337899999999991e+03,7.367934570312500000e+03
1.416340300000000070e+03,7.129770507812500000e+03
1.416342799999999897e+03,7.109502441406250000e+03
1.416345199999999977e+03,7.145460937500000000e+03
1.416347700000000032e+03,7.320607421875000000e+03
1.416350100000000111e+03,7.321215820312500000e+03
1.416352499999999964e+03,7.122094238281250000e+03
1.416355000000000018e+03,7.767120605468750000e+03
1.416357400000000098e+03,7.572457031250000000e+03
1.416359899999999925e+03,7.195524902343750000e+03
1.416362300000000005e+03,7.391476562500000000e+03
1.416364700000000084e+03,7.249882324218750000e+03
1.416367199999999912e+03,7.408130371093750000e+03
1.416369599999999991e+03,7.415523437500000000e+03
1.416372100000000046e+03,7.418544921875000000e+03
1.416374499999999898e+03,7.276943359375000000e+03
1.416376999999999953e+03,7.370496582031250000e+03
1.416379400000000032e+03,7.297708984375000000e+03
1.416381800000000112e+03,7.326432617187500000e+03
1.416384299999999939e+03,7.552669433593750000e+03
1.416386700000000019e+03,7.449065429687500000e+03
1.416389200000000073e+03,7.189071777343750000e+03
1.416391599999999926e+03,7.481950195312500000e+03
1.416394000000000005e+03,7.218950195312500000e+03
1.416396500000000060e+03,7.481968750000000000e+03
1.416398899999999912e+03,7.331314453125000000e+03
1.416401399999999967e+03,7.218047851562500000e+03
1.416403800000000047e+03,7.254654296875000000e+03
1.416406199999999899e+03,7.353379394531250000e+03
1.416408699999999953e+03,7.326319824218750000e+03
1.416411100000000033e+03,7.179492675781250000e+03
1.416413600000000088e+03,7.239366210937500000e+03
1.416415999999999940e+03,7.342260742187500000e+03
1.416418499999999995e+03,7.314235839843750000e+03
1.416420900000000074e+03,7.145803222656250000e+03
1.416423299999999927e+03,7.488812988281250000e+03
1.416425799999999981e+03,7.318867187500000000e+03
1.416428200000000061e+03,7.352123046875000000e+03
1.416430699999999888e+03,7.474348632812500000e+03
1.416433099999999968e+03,7.490374511718750000e+03
1.416435500000000047e+03,7.407414550781250000e+03
1.416438000000000102e+03,7.386574218750000000e+03
1.416440399999999954e+03,7.420213378906250000e+03
1.416442900000000009e+03,7.340153808593750000e+03
1.416445300000000088e+03,7.329348144531250000e+03
1.416447799999999916e+03,7.478861816406250000e+03
1.416450199999999995e+03,7.398895019531250000e+03
1.416452600000000075e+03,7.368308593750000000e+03
1.416455099999999902e+03,7.755065429687500000e+03
1.416457499999999982e+03,7.566140136718750000e+03
1.416460000000000036e+03,7.465224609375000000e+03
1.416462399999999889e+03,7.207686523437500000e+03
1.416464799999999968e+03,6.974734375000000000e+03
1.416467300000000023e+03,7.288210449218750000e+03
1.416469700000000103e+03,7.593828125000000000e+03
1.416472199999999930e+03,7.400295410156250000e+03
1.416474600000000009e+03,7.249646972656250000e+03
1.416477100000000064e+03,7.485882324218750000e+03
1.416479499999999916e+03,7.497476562500000000e+03
1.416481899999999996e+03,7.507586425781250000e+03
1.416484400000000051e+03,7.330449707031250000e+03
1.416486799999999903e+03,7.232125000000000000e+03
1.416489299999999957e+03,7.399556640625000000e+03
1.416491700000000037e+03,7.299994628906250000e+03
1.416494099999999889e+03,7.680704101562500000e+03
1.416496599999999944e+03,7.421849609375000000e+03
1.416499000000000024e+03,7.361210449218750000e+03
1.416501500000000078e+03,7.529642578125000000e+03
1.416503899999999931e+03,7.479464843750000000e+03
1.416506300000000010e+03,7.875902343750000000e+03
1.416508800000000065e+03,7.358423339843750000e+03
1.416511199999999917e+03,7.438408691406250000e+03
1.416513699999999972e+03,7.497810546875000000e+03
1.416516100000000051e+03,7.518010253906250000e+03
1.416518600000000106e+03,7.399368652343750000e+03
1.416520999999999958e+03,7.594025390625000000e+03
1.416523400000000038e+03,7.370270996093750000e+03
1.416525900000000092e+03,7.224791015625000000e+03
1.416528299999999945e+03,7.553087890625000000e+03
1.416530799999999999e+03,7.523003417968750000e+03
1.416533200000000079e+03,7.222169433593750000e+03
1.416535599999999931e+03,7.471791015625000000e+03
1.416538099999999986e+03,7.428805664062500000e+03
1.416540500000000065e+03,7.334613769531250000e+03
1.416542999999999893e+03,7.478213378906250000e+03
1.416545399999999972e+03,7.516717773437500000e+03
1.416547900000000027e+03,7.009420898437500000e+03
1.416550300000000107e+03,7.496728027343750000e+03
1.416552699999999959e+03,7.792978515625000000e+03
1.416555200000000013e+03,7.619375976562500000e+03
1.416557600000000093e+03,7.539677734375000000e+03
1.416560099999999920e+03,7.718949707031250000e+03
1.416562500000000000e+03,7.477545410156250000e+03
1.416564900000000080e+03,7.184365722656250000e+03
1.416567399999999907e+03,7.584861816406250000e+03
1.416569799999999987e+03,7.278029785156250000e+03
1.416572300000000041e+03,7.303583984375000000e+03
1.416574699999999893e+03,7.068774414062500000e+03
1.416577099999999973e+03,7.403951171875000000e+03
1.416579600000000028e+03,7.014073730468750000e+03
1.416582000000000107e+03,7.587114257812500000e+03
1.416584499999999935e+03,7.533503417968750000e+03
1.416586900000000014e+03,7.144880859375000000e+03
1.416589400000000069e+03,7.340038574218750000e+03
1.416591799999999921e+03,7.536550292968750000e+03
1.416594200000000001e+03,7.473608886718750000e+03
1.416596700000000055e+03,7.412927246093750000e+03
1.416599099999999908e+03,7.455596191406250000e+03
1.416601599999999962e+03,7.371218261718750000e+03
1.416604000000000042e+03,7.348036132812500000e+03
1.416606399999999894e+03,7.527106445312500000e+03
1.416608899999999949e+03,7.776071289062500000e+03
1.416611300000000028e+03,7.536878417968750000e+03
1.416613800000000083e+03,7.535593750000000000e+03
1.416616199999999935e+03,7.532224609375000000e+03
1.416618699999999990e+03,7.493244628906250000e+03
1.416621100000000069e+03,7.413449707031250000e+03
1.416623499999999922e+03,7.484295898437500000e+03
1.416625999999999976e+03,7.522912597656250000e+03
1.416628400000000056e+03,7.542240234375000000e+03
1.416630900000000111e+03,7.449331054687500000e+03
1.416633299999999963e+03,7.324255371093750000e+03
1.416635700000000043e+03,7.529383789062500000e+03
1.416638200000000097e+03,7.330440917968750000e+03
1.416640599999999949e+03,7.370689453125000000e+03
1.416643100000000004e+03,7.341180175781250000e+03
1.416645500000000084e+03,7.554516601562500000e+03
1.416647899999999936e+03,7.401489746093750000e+03
1.416650399999999991e+03,7.645383300781250000e+03
1.416652800000000070e+03,7.520388671875000000e+03
1.416655299999999897e+03,7.478977539062500000e+03
1.416657699999999977e+03,7.254233398437500000e+03
1.416660200000000032e+03,7.470654296875000000e+03
1.416662600000000111e+03,7.448775390625000000e+03
1.416664999999999964e+03,7.327851074218750000e+03
1.416667500000000018e+03,7.562334472656250000e+03
1.416669900000000098e+03,7.600799316406250000e+03
1.416672399999999925e+03,7.759295898437500000e+03
1.416674800000000005e+03,7.310790527343750000e+03
1.416677200000000084e+03,7.378498535156250000e+03
1.416679699999999912e+03,7.526313476562500000e+03
1.416682099999999991e+03,7.567981445312500000e+03
1.416684600000000046e+03,7.552804687500000000e+03
1.416686999999999898e+03,7.604770996093750000e+03
1.416689499999999953e+03,7.683698242187500000e+03
1.416691900000000032e+03,7.514909667968750000e+03
1.416694300000000112e+03,7.229270996093750000e+03
1.416696799999999939e+03,7.452301757812500000e+03
1.416699200000000019e+03,7.397110351562500000e+03
1.416701700000000073e+03,7.402465820312500000e+03
1.416704099999999926e+03,7.729287109375000000e+03
1.416706500000000005e+03,7.507351074218750000e+03
1.416709000000000060e+03,7.301091308593750000e+03
1.416711399999999912e+03,7.646423828125000000e+03
1.416713899999999967e+03,7.574029785156250000e+03
1.416716300000000047e+03,7.774133789062500000e+03
1.416718800000000101e+03,7.678423828125000000e+03
1.416721199999999953e+03,7.680326171875000000e+03
1.416723600000000033e+03,7.579941406250000000e+03
1.416726100000000088e+03,7.533883300781250000e+03
1.416728499999999940e+03,7.376143066406250000e+03
1.416730999999999995e+03,7.480812988281250000e+03
1.416733400000000074e+03,7.410196777343750000e+03
1.416735799999999927e+03,7.385707031250000000e+03
1.416738299999999981e+03,7.684930175781250000e+03
1.416740700000000061e+03,7.432187011718750000e+03
1.416743199999999888e+03,7.692003906250000000e+03
1.416745599999999968e+03,7.342898437500000000e+03
1.416748000000000047e+03,7.676775878906250000e+03
1.416750500000000102e+03,7.555892089843750000e+03
1.416752899999999954e+03,7.546561035156250000e+03
1.416755400000000009e+03,7.685416992187500000e+03
1.416757800000000088e+03,7.460100585937500000e+03
1.416760299999999916e+03,7.512056640625000000e+03
1.416762699999999995e+03,7.856028808593750000e+03
1.416765100000000075e+03,7.564082519531250000e+03
1.416767599999999902e+03,7.654770507812500000e+03
1.416769999999999982e+03,7.612449707031250000e+03
1.416772500000000036e+03,7.635215820312500000e+03
1.416774899999999889e+03,7.533500976562500000e+03
1.416777299999999968e+03,7.499537597656250000e+03
1.416779800000000023e+03,7.234984863281250000e+03
1.416782200000000103e+03,7.419727050781250000e+03
1.416784699999999930e+03,7.762356933593750000e+03
1.416787100000000009e+03,7.624956054687500000e+03
1.416789600000000064e+03,7.584087890625000000e+03
1.416791999999999916e+03,7.531915039062500000e+03
1.416794399999999996e+03,7.514148925781250000e+03
1.416796900000000051e+03,7.372512207031250000e+03
1.416799299999999903e+03,7.814266601562500000e+03
1.416801799999999957e+03,7.516730957031250000e+03
1.416804200000000037e+03,7.448720703125000000e+03
1.416806599999999889e+03,7.728260742187500000e+03
1.416809099999999944e+03,7.799799316406250000e+03
1.416811500000000024e+03,7.302021484375000000e+03
1.416814000000000078e+03,7.205075195312500000e+03
1.416816399999999931e+03,7.456357421875000000e+03
1.416818800000000010e+03,7.791441406250000000e+03
1.416821300000000065e+03,7.788293457031250000e+03
1.416823699999999917e+03,7.468255371093750000e+03
1.416826199999999972e+03,7.661817382812500000e+03
1.416828600000000051e+03,7.789480957031250000e+03
1.416831100000000106e+03,7.709181640625000000e+03
1.416833499999999958e+03,7.610229003906250000e+03
1.416835900000000038e+03,7.559159179687500000e+03
1.416838400000000092e+03,7.665202636718750000e+03
1.416840799999999945e+03,7.770530273437500000e+03
1.416843299999999999e+03,7.551392578125000000e+03
1.416845700000000079e+03,7.654438964843750000e+03
1.416848099999999931e+03,7.659845703125000000e+03
1.416850599999999986e+03,7.484711425781250000e+03
1.416853000000000065e+03,7.476663085937500000e+03
1.416855499999999893e+03,7.625961425781250000e+03
1.416857899999999972e+03,7.635327148437500000e+03
1.416860400000000027e+03,7.603401367187500000e+03
1.416862800000000107e+03,7.621103027343750000e+03
1.416865199999999959e+03,7.626002441406250000e+03
1.416867700000000013e+03,7.569992187500000000e+03
1.416870100000000093e+03,7.668092773437500000e+03
1.416872599999999920e+03,7.664101562500000000e+03
1.416875000000000000e+03,7.554360839843750000e+03
1.416877400000000080e+03,7.347799316406250000e+03
1.416879899999999907e+03,7.565273437500000000e+03
1.416882299999999987e+03,8.063076660156250000e+03
1.416884800000000041e+03,7.736859863281250000e+03
1.416887199999999893e+03,7.805555175781250000e+03
1.416889599999999973e+03,7.382411132812500000e+03
1.416892100000000028e+03,7.686243164062500000e+03
1.416894500000000107e+03,7.550521484375000000e+03
1.416896999999999935e+03,7.792483398437500000e+03
1.416899400000000014e+03,7.679823242187500000e+03
1.416901900000000069e+03,7.951458984375000000e+03
1.416904299999999921e+03,7.918747070312500000e+03
1.416906700000000001e+03,7.527766601562500000e+03
1.416909200000000055e+03,7.485580566406250000e+03
1.416911599999999908e+03,7.618154296875000000e+03
1.416914099999999962e+03,7.665457519531250000e+03
1.416916500000000042e+03,7.717483886718750000e+03
1.416918899999999894e+03,7.814412597656250000e+03
1.416921399999999949e+03,7.600940917968750000e+03
1.416923800000000028e+03,7.713928222656250000e+03
1.416926300000000083e+03,7.875960937500000000e+03
1.416928699999999935e+03,7.713772949218750000e+03
1.416931199999999990e+03,7.743174316406250000e+03
1.416933600000000069e+03,7.935038574218750000e+03
1.416935999999999922e+03,7.452548828125000000e+03
1.416938499999999976e+03,7.413016601562500000e+03
1.416940900000000056e+03,7.708596679687500000e+03
1.416943400000000111e+03,7.962851074218750000e+03
1.416945799999999963e+03,7.897720703125000000e+03
1.416948200000000043e+03,7.679163085937500000e+03
1.416950700000000097e+03,7.570878417968750000e+03
1.416953099999999949e+03,7.659184082031250000e+03
1.416955600000000004e+03,7.667165527343750000e+03
1.416958000000000084e+03,7.765500000000000000e+03
1.416960399999999936e+03,7.653920898437500000e+03
1.416962899999999991e+03,7.773404785156250000e+03
1.416965300000000070e+03,7.728483886718750000e+03
1.416967799999999897e+03,7.645931152343750000e+03
1.416970199999999977e+03,7.541113769531250000e+03
1.416972700000000032e+03,7.849456054687500000e+03
1.416975100000000111e+03,7.538111328125000000e+03
1.416977499999999964e+03,7.663861816406250000e+03
1.416980000000000018e+03,7.878108886718750000e+03
1.416982400000000098e+03,7.510693359375000000e+03
1.416984899999999925e+03,7.868067871093750000e+03
1.416987300000000005e+03,7.657503906250000000e+03
1.416989700000000084e+03,7.605953613281250000e+03
1.416992199999999912e+03,7.884304199218750000e+03
1.416994599999999991e+03,7.564102539062500000e+03
1.416997100000000046e+03,7.575673828125000000e+03
1.416999499999999898e+03,7.862283203125000000e+03
1.417001999999999953e+03,7.974852050781250000e+03
1.417004400000000032e+03,7.484001464843750000e+03
1.417006800000000112e+03,7.788115234375000000e+03
1.417009299999999939e+03,8.182949707031250000e+03
1.417011700000000019e+03,7.881234375000000000e+03
1.417014200000000073e+03,7.677665039062500000e+03
1.417016599999999926e+03,7.553911132812500000e+03
1.417019000000000005e+03,7.733492187500000000e+03
1.417021500000000060e+03,7.576128906250000000e+03
1.417023899999999912e+03,7.769744140625000000e+03
1.417026399999999967e+03,7.668287109375000000e+03
1.417028800000000047e+03,7.823483398437500000e+03
1.417031199999999899e+03,7.967992187500000000e+03
1.417033699999999953e+03,7.856272949218750000e+03
1.417036100000000033e+03,7.684280761718750000e+03
1.417038600000000088e+03,7.906981445312500000e+03
1.417040999999999940e+03,7.832943359375000000e+03
1.417043499999999995e+03,7.672076171875000000e+03
1.417045900000000074e+03,7.621311035156250000e+03
1.417048299999999927e+03,7.736861816406250000e+03
1.417050799999999981e+03,7.677476562500000000e+03
1.417053200000000061e+03,7.978689453125000000e+03
1.417055699999999888e+03,7.711625000000000000e+03
1.417058099999999968e+03,7.811782226562500000e+03
1.417060500000000047e+03,7.743932128906250000e+03
1.417063000000000102e+03,7.855730468750000000e+03
1.417065399999999954e+03,7.906035156250000000e+03
1.417067900000000009e+03,7.917795898437500000e+03
1.417070300000000088e+03,7.532796875000000000e+03
1.417072799999999916e+03,7.700547363281250000e+03
1.417075199999999995e+03,7.941556640625000000e+03
1.417077600000000075e+03,7.762395996093750000e+03
1.417080099999999902e+03,7.885349609375000000e+03
1.417082499999999982e+03,7.863690429687500000e+03
1.417085000000000036e+03,7.890888183593750000e+03
1.417087399999999889e+03,7.699596191406250000e+03
1.417089799999999968e+03,8.050341796875000000e+03
1.417092300000000023e+03,7.908815429687500000e+03
1.417094700000000103e+03,7.716267089843750000e+03
1.417097199999999930e+03,7.926839843750000000e+03
1.417099600000000009e+03,8.173912109375000000e+03
1.417102100000000064e+03,7.858658203125000000e+03
1.417104499999999916e+03,7.868692871093750000e+03
1.417106899999999996e+03,7.896546386718750000e+03
1.417109400000000051e+03,7.892879882812500000e+03
1.417111799999999903e+03,7.672056640625000000e+03
1.417114299999999957e+03,7.916175781250000000e+03
1.417116700000000037e+03,8.016485839843750000e+03
1.417119099999999889e+03,7.529841796875000000e+03
1.417121599999999944e+03,7.691936035156250000e+03
1.417124000000000024e+03,7.811651855468750000e+03
1.417126500000000078e+03,7.613213378906250000e+03
1.417128899999999931e+03,7.744562988281250000e+03
1.417131300000000010e+03,7.864791015625000000e+03
1.417133800000000065e+03,7.911875000000000000e+03
1.417136199999999917e+03,7.809118164062500000e+03
1.417138699999999972e+03,7.947094238281250000e+03
1.417141100000000051e+03,7.730833496093750000e+03
1.417143600000000106e+03,8.057368164062500000e+03
1.417145999999999958e+03,7.739416992187500000e+03
1.417148400000000038e+03,7.968657714843750000e+03
1.417150900000000092e+03,7.857949707031250000e+03
1.417153299999999945e+03,7.943536132812500000e+03
1.417155799999999999e+03,7.851648925781250000e+03
1.417158200000000079e+03,7.966949707031250000e+03
1.417160599999999931e+03,8.067987304687500000e+03
1.417163099999999986e+03,7.906651367187500000e+03
1.417165500000000065e+03,7.740058593750000000e+03
1.417167999999999893e+03,7.829420898437500000e+03
1.417170399999999972e+03,7.631209472656250000e+03
1.417172900000000027e+03,7.807859375000000000e+03
1.417175300000000107e+03,7.766808593750000000e+03
1.417177699999999959e+03,7.747052734375000000e+03
1.417180200000000013e+03,7.808222167968750000e+03
1.417182600000000093e+03,7.865068847656250000e+03
1.417185099999999920e+03,7.963816894531250000e+03
1.417187500000000000e+03,7.827851074218750000e+03
1.417189900000000080e+03,7.701233398437500000e+03
1.417192399999999907e+03,7.721304199218750000e+03
1.417194799999999987e+03,7.816647949218750000e+03
1.417197300000000041e+03,7.862279785156250000e+03
1.417199699999999893e+03,7.775171386718750000e+03
1.417202099999999973e+03,7.714960937500000000e+03
1.417204600000000028e+03,8.150318359375000000e+03
1.417207000000000107e+03,7.533354980468750000e+03
1.417209499999999935e+03,7.827131835937500000e+03
1.417211900000000014e+03,8.225891601562500000e+03
1.417214400000000069e+03,7.894191894531250000e+03
1.417216799999999921e+03,7.934204101562500000e+03
1.417219200000000001e+03,8.019416015625000000e+03
1.417221700000000055e+03,8.166114257812500000e+03
1.417224099999999908e+03,8.094655273437500000e+03
1.417226599999999962e+03,7.929245605468750000e+03
1.417229000000000042e+03,7.695923339843750000e+03
1.417231399999999894e+03,7.885915039062500000e+03
1.417233899999999949e+03,7.545107421875000000e+03
1.417236300000000028e+03,7.881304687500000000e+03
1.417238800000000083e+03,7.982253417968750000e+03
1.417241199999999935e+03,8.020235839843750000e+03
1.417243699999999990e+03,7.769244140625000000e+03
1.417246100000000069e+03,8.013717773437500000e+03
1.417248499999999922e+03,7.578116699218750000e+03
1.417250999999999976e+03,8.241644531250000000e+03
1.417253400000000056e+03,7.699036132812500000e+03
1.417255900000000111e+03,7.674300781250000000e+03
1.417258299999999963e+03,8.227373046875000000e+03
1.417260700000000043e+03,8.004381835937500000e+03
1.417263200000000097e+03,7.703457519531250000e+03
1.417265599999999949e+03,8.159249023437500000e+03
1.417268100000000004e+03,7.963690429687500000e+03
1.417270500000000084e+03,7.816455078125000000e+03
1.417272899999999936e+03,8.090215820312500000e+03
1.417275399999999991e+03,8.218189453125000000e+03
1.417277800000000070e+03,7.937375000000000000e+03
1.417280299999999897e+03,7.983279296875000000e+03
1.417282699999999977e+03,8.124765625000000000e+03
1.417285200000000032e+03,8.112374511718750000e+03
1.417287600000000111e+03,7.875651367187500000e+03
1.417289999999999964e+03,7.776458984375000000e+03
1.417292500000000018e+03,8.144299804687500000e+03
1.417294900000000098e+03,8.081516601562500000e+03
1.417297399999999925e+03,8.044171875000000000e+03
1.417299800000000005e+03,8.088376953125000000e+03
1.417302200000000084e+03,7.964036621093750000e+03
1.417304699999999912e+03,7.632031250000000000e+03
1.417307099999999991e+03,7.765634277343750000e+03
1.417309600000000046e+03,7.651753417968750000e+03
1.417311999999999898e+03,7.940775878906250000e+03
1.417314499999999953e+03,7.974266601562500000e+03
1.417316900000000032e+03,7.953906250000000000e+03
1.417319300000000112e+03,7.744000976562500000e+03
1.417321799999999939e+03,8.091932617187500000e+03
1.417324200000000019e+03,7.981417480468750000e+03
1.417326700000000073e+03,8.165564941406250000e+03
1.417329099999999926e+03,8.038558593750000000e+03
1.417331500000000005e+03,7.986697753906250000e+03
1.417334000000000060e+03,7.959628906250000000e+03
1.417336399999999912e+03,7.800768066406250000e+03
1.417338899999999967e+03,7.819675781250000000e+03
1.417341300000000047e+03,7.863945800781250000e+03
1.417343800000000101e+03,8.045479003906250000e+03
1.417346199999999953e+03,8.110455078125000000e+03
1.417348600000000033e+03,8.125627441406250000e+03
1.417351100000000088e+03,8.031658203125000000e+03
1.417353499999999940e+03,8.159010253906250000e+03
1.417355999999999995e+03,7.878128906250000000e+03
1.417358400000000074e+03,8.124197753906250000e+03
1.417360799999999927e+03,7.743666503906250000e+03
1.417363299999999981e+03,7.826136718750000000e+03
1.417365700000000061e+03,7.829727050781250000e+03
1.417368199999999888e+03,8.159185546875000000e+03
1.417370599999999968e+03,7.802607421875000000e+03
1.417373000000000047e+03,7.872093750000000000e+03
1.417375500000000102e+03,8.120770996093750000e+03
1.417377899999999954e+03,7.789625000000000000e+03
1.417380400000000009e+03,7.895336914062500000e+03
1.417382800000000088e+03,8.428190429687500000e+03
1.417385299999999916e+03,7.803184082031250000e+03
1.417387699999999995e+03,8.069876953125000000e+03
1.417390100000000075e+03,8.032325683593750000e+03
1.417392599999999902e+03,7.953691894531250000e+03
1.417394999999999982e+03,8.306974609375000000e+03
1.417397500000000036e+03,7.968632812500000000e+03
1.417399899999999889e+03,7.984165039062500000e+03
1.417402299999999968e+03,8.036354492187500000e+03
1.417404800000000023e+03,8.150131347656250000e+03
1.417407200000000103e+03,7.849336914062500000e+03
1.417409699999999930e+03,8.042932128906250000e+03
1.417412100000000009e+03,8.189406250000000000e+03
1.417414600000000064e+03,8.226936523437500000e+03
1.417416999999999916e+03,8.290004882812500000e+03
1.417419399999999996e+03,7.633291015625000000e+03
1.417421900000000051e+03,8.058149414062500000e+03
1.417424299999999903e+03,8.073019042968750000e+03
1.417426799999999957e+03,8.142375976562500000e+03
1.417429200000000037e+03,7.942223144531250000e+03
1.417431599999999889e+03,7.892379882812500000e+03
1.417434099999999944e+03,7.979097656250000000e+03
1.417436500000000024e+03,8.156436035156250000e+03
1.417439000000000078e+03,7.853206542968750000e+03
1.417441399999999931e+03,7.794452148437500000e+03
1.417443800000000010e+03,7.736342285156250000e+03
1.417446300000000065e+03,7.568083007812500000e+03
1.417448699999999917e+03,8.133259765625000000e+03
1.417451199999999972e+03,8.018151855468750000e+03
1.417453600000000051e+03,8.166209472656250000e+03
1.417456100000000106e+03,7.971894531250000000e+03
1.417458499999999958e+03,7.701272949218750000e+03
1.417460900000000038e+03,7.850494628906250000e+03
1.417463400000000092e+03,8.052185546875000000e+03
1.417465799999999945e+03,8.268737304687500000e+03
1.417468299999999999e+03,8.156516601562500000e+03
1.417470700000000079e+03,8.153937011718750000e+03
1.417473099999999931e+03,7.549585449218750000e+03
1.417475599999999986e+03,7.696538574218750000e+03
1.417478000000000065e+03,7.822552734375000000e+03
1.417480499999999893e+03,7.948656738281250000e+03
1.417482899999999972e+03,7.942392089843750000e+03
1.417485400000000027e+03,7.969839843750000000e+03
1.417487800000000107e+03,8.114325683593750000e+03
1.417490199999999959e+03,8.130070312500000000e+03
1.417492700000000013e+03,8.154773437500000000e+03
1.417495100000000093e+03,8.092328125000000000e+03
1.417497599999999920e+03,7.851856933593750000e+03
1.417500000000000000e+03,8.146799804687500000e+03
1.417502400000000080e+03,8.133738281250000000e+03
1.417504899999999907e+03,7.932355957031250000e+03
1.417507299999999987e+03,8.036691406250000000e+03
1.417509800000000041e+03,7.800514160156250000e+03
1.417512199999999893e+03,8.209858398437500000e+03
1.417514599999999973e+03,8.167423339843750000e+03
1.417517100000000028e+03,8.457283203125000000e+03
1.417519500000000107e+03,7.975896972656250000e+03
1.417521999999999935e+03,7.872821777343750000e+03
1.417524400000000014e+03,8.125617675781250000e+03
1.417526900000000069e+03,8.054159179687500000e+03
1.417529299999999921e+03,7.979545410156250000e+03
1.417531700000000001e+03,8.146536621093750000e+03
1.417534200000000055e+03,7.970592773437500000e+03
1.417536599999999908e+03,8.142042968750000000e+03
1.417539099999999962e+03,7.966195312500000000e+03
1.417541500000000042e+03,7.784405761718750000e+03
1.417543899999999894e+03,7.736557617187500000e+03
1.417546399999999949e+03,7.845208984375000000e+03
1.417548800000000028e+03,8.314113281250000000e+03
1.417551300000000083e+03,8.008750488281250000e+03
1.417553699999999935e+03,8.064324218750000000e+03
1.417556199999999990e+03,7.955990234375000000e+03
1.417558600000000069e+03,8.172687011718750000e+03
1.417560999999999922e+03,7.844288085937500000e+03
1.417563499999999976e+03,8.043211425781250000e+03
1.417565900000000056e+03,7.973802246093750000e+03
1.417568400000000111e+03,8.443198242187500000e+03
1.417570799999999963e+03,8.196916015625000000e+03
1.417573200000000043e+03,8.107218261718750000e+03
1.417575700000000097e+03,8.026250976562500000e+03
1.417578099999999949e+03,8.228066406250000000e+03
1.417580600000000004e+03,8.109923339843750000e+03
1.417583000000000084e+03,7.960799316406250000e+03
1.417585399999999936e+03,8.169711914062500000e+03
1.417587899999999991e+03,8.128516113281250000e+03
1.417590300000000070e+03,8.153609375000000000e+03
1.417592799999999897e+03,7.969058593750000000e+03
1.417595199999999977e+03,7.666758300781250000e+03
1.417597700000000032e+03,7.960544921875000000e+03
1.417600100000000111e+03,8.169583007812500000e+03
1.417602499999999964e+03,8.109229492187500000e+03
1.417605000000000018e+03,8.348625000000000000e+03
1.417607400000000098e+03,8.014913574218750000e+03
1.417609899999999925e+03,7.865032226562500000e+03
1.417612300000000005e+03,8.096083984375000000e+03
1.417614700000000084e+03,8.305528320312500000e+03
1.417617199999999912e+03,8.070305664062500000e+03
1.417619599999999991e+03,8.119504882812500000e+03
1.417622100000000046e+03,7.945862304687500000e+03
1.417624499999999898e+03,7.749529785156250000e+03
1.417626999999999953e+03,8.076428222656250000e+03
1.417629400000000032e+03,8.069680175781250000e+03
1.417631800000000112e+03,8.149065429687500000e+03
1.417634299999999939e+03,8.166657714843750000e+03
1.417636700000000019e+03,8.307839843750000000e+03
1.417639200000000073e+03,8.023232910156250000e+03
1.417641599999999926e+03,8.140867187500000000e+03
1.417644000000000005e+03,8.418768554687500000e+03
1.417646500000000060e+03,7.580178222656250000e+03
1.417648899999999912e+03,8.147253417968750000e+03
1.417651399999999967e+03,8.116044921875000000e+03
1.417653800000000047e+03,8.231338867187500000e+03
1.417656199999999899e+03,7.976443359375000000e+03
1.417658699999999953e+03,7.684177734375000000e+03
1.417661100000000033e+03,8.273532226562500000e+03
1.417663600000000088e+03,8.355333007812500000e+03
1.417665999999999940e+03,8.356742187500000000e+03
1.417668499999999995e+03,8.362349609375000000e+03
1.417670900000000074e+03,8.190972167968750000e+03
1.417673299999999927e+03,8.409791015625000000e+03
1.417675799999999981e+03,8.383552734375000000e+03
1.417678200000000061e+03,7.878845703125000000e+03
1.417680699999999888e+03,8.511362304687500000e+03
1.417683099999999968e+03,8.072472656250000000e+03
1.417685500000000047e+03,7.875275390625000000e+03
1.417688000000000102e+03,7.906948242187500000e+03
1.417690399999999954e+03,7.932437500000000000e+03
1.417692900000000009e+03,7.979324707031250000e+03
1.417695300000000088e+03,8.339986328125000000e+03
1.417697799999999916e+03,8.039334960937500000e+03
1.417700199999999995e+03,8.383630859375000000e+03
1.417702600000000075e+03,8.143109375000000000e+03
1.417705099999999902e+03,8.036086425781250000e+03
1.417707499999999982e+03,8.118928710937500000e+03
1.417710000000000036e+03,8.168016601562500000e+03
1.417712399999999889e+03,8.109650390625000000e+03
1.417714799999999968e+03,8.098094238281250000e+03
1.417717300000000023e+03,8.231817382812500000e+03
1.417719700000000103e+03,8.123290527343750000e+03
1.417722199999999930e+03,8.235317382812500000e+03
1.417724600000000009e+03,8.180744628906250000e+03
1.417727100000000064e+03,8.273071289062500000e+03
1.417729499999999916e+03,8.214343750000000000e+03
1.417731899999999996e+03,8.174151367187500000e+03
1.417734400000000051e+03,8.325229492187500000e+03
1.417736799999999903e+03,8.345183593750000000e+03
1.417739299999999957e+03,8.333735351562500000e+03
1.417741700000000037e+03,8.317424804687500000e+03
1.417744099999999889e+03,8.170711914062500000e+03
1.417746599999999944e+03,8.234678710937500000e+03
1.417749000000000024e+03,7.740153808593750000e+03
1.417751500000000078e+03,8.204837890625000000e+03
1.417753899999999931e+03,8.152666992187500000e+03
1.417756300000000010e+03,8.095744628906250000e+03
1.417758800000000065e+03,7.932713378906250000e+03
1.417761199999999917e+03,8.351192382812500000e+03
1.417763699999999972e+03,8.052649414062500000e+03
1.417766100000000051e+03,7.919520996093750000e+03
1.417768600000000106e+03,8.168567382812500000e+03
1.417770999999999958e+03,8.364819335937500000e+03
1.417773400000000038e+03,8.328763671875000000e+03
1.417775900000000092e+03,8.494984375000000000e+03
1.417778299999999945e+03,8.098016113281250000e+03
1.417780799999999999e+03,8.474249023437500000e+03
1.417783200000000079e+03,8.071483886718750000e+03
1.417785599999999931e+03,8.027861816406250000e+03
1.417788099999999986e+03,8.135824218750000000e+03
1.417790500000000065e+03,7.973587402343750000e+03
1.417792999999999893e+03,7.969475097656250000e+03
1.417795399999999972e+03,8.029124023437500000e+03
1.417797900000000027e+03,8.369105468750000000e+03
1.417800300000000107e+03,8.063291015625000000e+03
1.417802699999999959e+03,8.279473632812500000e+03
1.417805200000000013e+03,8.448232421875000000e+03
1.417807600000000093e+03,8.253341796875000000e+03
1.417810099999999920e+03,8.433900390625000000e+03
1.417812500000000000e+03,8.221651367187500000e+03
1.417814900000000080e+03,7.797582519531250000e+03
1.417817399999999907e+03,8.206618164062500000e+03
1.417819799999999987e+03,7.769733398437500000e+03
1.417822300000000041e+03,8.169053710937500000e+03
1.417824699999999893e+03,8.017176757812500000e+03
1.417827099999999973e+03,8.173983886718750000e+03
1.417829600000000028e+03,8.099935058593750000e+03
1.417832000000000107e+03,8.352490234375000000e+03
1.417834499999999935e+03,8.141892578125000000e+03
1.417836900000000014e+03,8.469120117187500000e+03
1.417839400000000069e+03,8.252779296875000000e+03
1.417841799999999921e+03,8.190733398437500000e+03
1.417844200000000001e+03,8.012528808593750000e+03
1.417846700000000055e+03,8.113941406250000000e+03
1.417849099999999908e+03,8.369772460937500000e+03
1.417851599999999962e+03,7.883573730468750000e+03
1.417854000000000042e+03,8.201595703125000000e+03
1.417856399999999894e+03,8.172460937500000000e+03
1.417858899999999949e+03,8.229837890625000000e+03
1.417861300000000028e+03,8.133354980468750000e+03
1.417863800000000083e+03,8.113040039062500000e+03
1.417866199999999935e+03,8.106715820312500000e+03
1.417868699999999990e+03,8.221048828125000000e+03
1.417871100000000069e+03,8.267009765625000000e+03
1.417873499999999922e+03,7.812005371093750000e+03
1.417875999999999976e+03,8.050406250000000000e+03
1.417878400000000056e+03,8.066511230468750000e+03
1.417880900000000111e+03,8.118536132812500000e+03
1.417883299999999963e+03,8.521389648437500000e+03
1.417885700000000043e+03,8.035845703125000000e+03
1.417888200000000097e+03,8.119405761718750000e+03
1.417890599999999949e+03,8.233437500000000000e+03
1.417893100000000004e+03,8.318200195312500000e+03
1.417895500000000084e+03,8.376759765625000000e+03
1.417897899999999936e+03,8.395888671875000000e+03
1.417900399999999991e+03,8.265925781250000000e+03
1.417902800000000070e+03,8.033593750000000000e+03
1.417905299999999897e+03,8.331963867187500000e+03
1.417907699999999977e+03,8.181783203125000000e+03
1.417910200000000032e+03,8.235902343750000000e+03
1.417912600000000111e+03,8.362011718750000000e+03
1.417914999999999964e+03,7.988914550781250000e+03
1.417917500000000018e+03,8.065928710937500000e+03
1.417919900000000098e+03,8.293037109375000000e+03
1.417922399999999925e+03,8.542384765625000000e+03
1.417924800000000005e+03,8.108566406250000000e+03
1.417927200000000084e+03,8.107165527343750000e+03
1.417929699999999912e+03,7.890254394531250000e+03
1.417932099999999991e+03,8.310186523437500000e+03
1.417934600000000046e+03,7.897704589843750000e+03
1.417936999999999898e+03,8.133215820312500000e+03
1.417939499999999953e+03,8.043223144531250000e+03
1.417941900000000032e+03,8.161087890625000000e+03
1.417944300000000112e+03,8.127615234375000000e+03
1.417946799999999939e+03,8.187613769531250000e+03
1.417949200000000019e+03,8.147775390625000000e+03
1.417951700000000073e+03,7.890779296875000000e+03
1.417954099999999926e+03,8.428009765625000000e+03
1.417956500000000005e+03,8.004218261718750000e+03
1.417959000000000060e+03,8.172684570312500000e+03
1.417961399999999912e+03,8.159258300781250000e+03
1.417963899999999967e+03,8.036063964843750000e+03
1.417966300000000047e+03,8.084244628906250000e+03
1.417968800000000101e+03,8.400082031250000000e+03
1.417971199999999953e+03,8.115450195312500000e+03
1.417973600000000033e+03,8.036138183593750000e+03
1.417976100000000088e+03,8.178203125000000000e+03
1.417978499999999940e+03,8.341351562500000000e+03
1.417980999999999995e+03,8.262695312500000000e+03
1.417983400000000074e+03,8.091437500000000000e+03
1.417985799999999927e+03,8.429807617187500000e+03
1.417988299999999981e+03,8.322138671875000000e+03
1.417990700000000061e+03,8.154061523437500000e+03
1.417993199999999888e+03,8.100270507812500000e+03
1.417995599999999968e+03,8.203426757812500000e+03
1.417998000000000047e+03,7.963287109375000000e+03
1.418000500000000102e+03,8.213980468750000000e+03
1.418002899999999954e+03,8.258979492187500000e+03
1.418005400000000009e+03,8.201274414062500000e+03
1.418007800000000088e+03,7.971357421875000000e+03
1.418010299999999916e+03,8.173169433593750000e+03
1.418012699999999995e+03,8.377000000000000000e+03
1.418015100000000075e+03,8.128377441406250000e+03
1.418017599999999902e+03,8.303817382812500000e+03
1.418019999999999982e+03,8.240026367187500000e+03
1.418022500000000036e+03,8.423880859375000000e+03
1.418024899999999889e+03,8.022573730468750000e+03
1.418027299999999968e+03,8.390599609375000000e+03
1.418029800000000023e+03,8.556412109375000000e+03
1.418032200000000103e+03,8.375656250000000000e+03
1.418034699999999930e+03,8.015050292968750000e+03
1.418037100000000009e+03,8.516380859375000000e+03
1.418039600000000064e+03,8.333967773437500000e+03
1.418041999999999916e+03,8.168932128906250000e+03
1.418044399999999996e+03,8.087774414062500000e+03
1.418046900000000051e+03,8.171856933593750000e+03
1.418049299999999903e+03,8.014986328125000000e+03
1.418051799999999957e+03,8.242682617187500000e+03
1.418054200000000037e+03,8.125561035156250000e+03
1.418056599999999889e+03,8.085419921875000000e+03
1.418059099999999944e+03,8.006813476562500000e+03
1.418061500000000024e+03,8.285264648437500000e+03
1.418064000000000078e+03,8.153392578125000000e+03
1.418066399999999931e+03,8.338093750000000000e+03
1.418068800000000010e+03,8.207626953125000000e+03
1.418071300000000065e+03,8.159432617187500000e+03
1.418073699999999917e+03,8.251662109375000000e+03
1.418076199999999972e+03,8.444427734375000000e+03
1.418078600000000051e+03,8.035912109375000000e+03
1.418081100000000106e+03,8.008979980468750000e+03
1.418083499999999958e+03,8.040815917968750000e+03
1.418085900000000038e+03,7.794234375000000000e+03
1.418088400000000092e+03,8.227425781250000000e+03
1.418090799999999945e+03,8.150254394531250000e+03
1.418093299999999999e+03,8.561433593750000000e+03
1.418095700000000079e+03,8.497667968750000000e+03
1.418098099999999931e+03,8.412287109375000000e+03
1.418100599999999986e+03,8.155671386718750000e+03
1.418103000000000065e+03,8.088376953125000000e+03
1.418105499999999893e+03,8.203938476562500000e+03
1.418107899999999972e+03,8.053937011718750000e+03
1.418110400000000027e+03,8.169850585937500000e+03
1.418112800000000107e+03,8.411324218750000000e+03
1.418115199999999959e+03,8.267037109375000000e+03
1.418117700000000013e+03,8.242136718750000000e+03
1.418120100000000093e+03,7.998195312500000000e+03
1.418122599999999920e+03,8.224466796875000000e+03
1.418125000000000000e+03,8.289052734375000000e+03
1.418127400000000080e+03,8.324972656250000000e+03
1.418129899999999907e+03,7.868065429687500000e+03
1.418132299999999987e+03,8.204466796875000000e+03
1.418134800000000041e+03,8.204255859375000000e+03
1.418137199999999893e+03,8.395380859375000000e+03
1.418139599999999973e+03,8.305906250000000000e+03
1.418142100000000028e+03,8.189267089843750000e+03
1.418144500000000107e+03,8.118795410156250000e+03
1.418146999999999935e+03,8.382337890625000000e+03
1.418149400000000014e+03,8.288244140625000000e+03
1.418151900000000069e+03,8.306783203125000000e+03
1.418154299999999921e+03,8.258209960937500000e+03
1.418156700000000001e+03,8.374583984375000000e+03
1.418159200000000055e+03,8.428781250000000000e+03
1.418161599999999908e+03,8.324220703125000000e+03
1.418164099999999962e+03,8.376480468750000000e+03
1.418166500000000042e+03,8.521801757812500000e+03
1.418168899999999894e+03,8.246409179687500000e+03
1.418171399999999949e+03,8.192103515625000000e+03
1.418173800000000028e+03,8.106677734375000000e+03
1.418176300000000083e+03,8.237840820312500000e+03
1.418178699999999935e+03,8.139814453125000000e+03
1.418181199999999990e+03,8.409870117187500000e+03
1.418183600000000069e+03,8.350590820312500000e+03
1.418185999999999922e+03,7.978129394531250000e+03
1.418188499999999976e+03,8.403621093750000000e+03
1.418190900000000056e+03,8.532366210937500000e+03
1.418193400000000111e+03,8.344449218750000000e+03
1.418195799999999963e+03,8.285744140625000000e+03
1.418198200000000043e+03,8.047432617187500000e+03
1.418200700000000097e+03,8.456369140625000000e+03
1.418203099999999949e+03,8.218950195312500000e+03
1.418205600000000004e+03,8.543146484375000000e+03
1.418208000000000084e+03,8.338872070312500000e+03
1.418210399999999936e+03,8.626079101562500000e+03
1.418212899999999991e+03,7.970634277343750000e+03
1.418215300000000070e+03,8.149828125000000000e+03
1.418217799999999897e+03,8.219515625000000000e+03
1.418220199999999977e+03,8.096895019531250000e+03
1.418222700000000032e+03,8.280316406250000000e+03
1.418225100000000111e+03,8.232229492187500000e+03
1.418227499999999964e+03,8.060854980468750000e+03
1.418230000000000018e+03,7.986314453125000000e+03
1.418232400000000098e+03,8.146962402343750000e+03
1.418234899999999925e+03,7.890836914062500000e+03
1.418237300000000005e+03,8.046470214843750000e+03
1.418239700000000084e+03,8.367326171875000000e+03
1.418242199999999912e+03,8.113996582031250000e+03
1.418244599999999991e+03,7.961859863281250000e+03
1.418247100000000046e+03,8.206808593750000000e+03
1.418249499999999898e+03,8.026154296875000000e+03
1.418251999999999953e+03,8.220506835937500000e+03
1.418254400000000032e+03,8.054146972656250000e+03
1.418256800000000112e+03,8.178879394531250000e+03
1.418259299999999939e+03,8.242358398437500000e+03
1.418261700000000019e+03,8.211773437500000000e+03
1.418264200000000073e+03,8.309761718750000000e+03
1.418266599999999926e+03,8.345406250000000000e+03
1.418269000000000005e+03,8.540693359375000000e+03
1.418271500000000060e+03,8.328607421875000000e+03
1.418273899999999912e+03,8.085370605468750000e+03
1.418276399999999967e+03,8.322361328125000000e+03
1.418278800000000047e+03,8.209213867187500000e+03
1.418281199999999899e+03,8.151072753906250000e+03
1.418283699999999953e+03,8.173364746093750000e+03
1.418286100000000033e+03,7.950195800781250000e+03
1.418288600000000088e+03,8.149483886718750000e+03
1.418290999999999940e+03,8.308781250000000000e+03
1.418293499999999995e+03,8.486961914062500000e+03
1.418295900000000074e+03,8.428631835937500000e+03
1.418298299999999927e+03,8.444284179687500000e+03
1.418300799999999981e+03,7.957837402343750000e+03
1.418303200000000061e+03,8.344715820312500000e+03
1.418305699999999888e+03,7.828532226562500000e+03
1.418308099999999968e+03,8.266549804687500000e+03
1.418310500000000047e+03,8.102034179687500000e+03
1.418313000000000102e+03,8.303335937500000000e+03
1.418315399999999954e+03,7.884607421875000000e+03
1.418317900000000009e+03,8.308393554687500000e+03
1.418320300000000088e+03,7.922724609375000000e+03
1.418322799999999916e+03,8.283549804687500000e+03
1.418325199999999995e+03,7.937151855468750000e+03
1.418327600000000075e+03,8.252791015625000000e+03
1.418330099999999902e+03,8.138873535156250000e+03
1.418332499999999982e+03,8.218084960937500000e+03
1.418335000000000036e+03,7.971604980468750000e+03
1.418337399999999889e+03,8.068083007812500000e+03
1.418339799999999968e+03,8.272115234375000000e+03
1.418342300000000023e+03,8.168881835937500000e+03
1.418344700000000103e+03,8.308915039062500000e+03
1.418347199999999930e+03,8.006507812500000000e+03
1.418349600000000009e+03,8.173085449218750000e+03
1.418352100000000064e+03,7.985750976562500000e+03
1.418354499999999916e+03,8.211494140625000000e+03
1.418356899999999996e+03,8.232540039062500000e+03
1.418359400000000051e+03,7.691215332031250000e+03
1.418361799999999903e+03,8.507841796875000000e+03
1.418364299999999957e+03,8.482275390625000000e+03
1.418366700000000037e+03,8.350009765625000000e+03
1.418369099999999889e+03,8.013512207031250000e+03
1.418371599999999944e+03,8.275375976562500000e+03
1.418374000000000024e+03,8.600500000000000000e+03
1.418376500000000078e+03,7.966850585937500000e+03
1.418378899999999931e+03,8.489117187500000000e+03
1.418381300000000010e+03,8.492160156250000000e+03
1.418383800000000065e+03,8.325701171875000000e+03
1.418386199999999917e+03,8.356616210937500000e+03
1.418388699999999972e+03,8.232340820312500000e+03
1.418391100000000051e+03,8.427568359375000000e+03
1.418393600000000106e+03,8.159989746093750000e+03
1.418395999999999958e+03,8.165333496093750000e+03
1.418398400000000038e+03,8.175051269531250000e+03
1.418400900000000092e+03,8.047297363281250000e+03
1.418403299999999945e+03,8.071596191406250000e+03
1.418405799999999999e+03,8.016651367187500000e+03
1.418408200000000079e+03,8.697648437500000000e+03
1.418410599999999931e+03,7.984337402343750000e+03
1.418413099999999986e+03,8.338992187500000000e+03
1.418415500000000065e+03,8.387574218750000000e+03
1.418417999999999893e+03,8.156432617187500000e+03
1.418420399999999972e+03,8.465947265625000000e+03
1.418422900000000027e+03,8.278283203125000000e+03
1.418425300000000107e+03,8.173338378906250000e+03
1.418427699999999959e+03,8.367193359375000000e+03
1.418430200000000013e+03,8.074032714843750000e+03
1.418432600000000093e+03,7.996180175781250000e+03
1.418435099999999920e+03,8.238061523437500000e+03
1.418437500000000000e+03,8.248711914062500000e+03
1.418439900000000080e+03,8.135328613281250000e+03
1.418442399999999907e+03,8.239939453125000000e+03
1.418444799999999987e+03,8.241165039062500000e+03
1.418447300000000041e+03,8.329540039062500000e+03
1.418449699999999893e+03,8.172104980468750000e+03
1.418452099999999973e+03,8.047583007812500000e+03
1.418454600000000028e+03,8.185753417968750000e+03
1.418457000000000107e+03,8.254673828125000000e+03
1.418459499999999935e+03,8.343242187500000000e+03
1.418461900000000014e+03,8.411518554687500000e+03
1.418464400000000069e+03,8.218101562500000000e+03
1.418466799999999921e+03,8.026598632812500000e+03
1.418469200000000001e+03,8.292166015625000000e+03
1.418471700000000055e+03,7.923116210937500000e+03
1.418474099999999908e+03,8.123558593750000000e+03
1.418476599999999962e+03,8.351347656250000000e+03
1.418479000000000042e+03,8.195771484375000000e+03
1.418481399999999894e+03,8.092322265625000000e+03
1.418483899999999949e+03,8.356935546875000000e+03
1.418486300000000028e+03,7.998804687500000000e+03
1.418488800000000083e+03,8.173704101562500000e+03
1.418491199999999935e+03,8.344640625000000000e+03
1.418493699999999990e+03,8.445633789062500000e+03
1.418496100000000069e+03,8.556846679687500000e+03
1.418498499999999922e+03,8.441147460937500000e+03
1.418500999999999976e+03,8.299890625000000000e+03
1.418503400000000056e+03,8.295939453125000000e+03
1.418505900000000111e+03,8.392143554687500000e+03
1.418508299999999963e+03,7.862762207031250000e+03
1.418510700000000043e+03,8.172067382812500000e+03
1.418513200000000097e+03,8.042103027343750000e+03
1.418515599999999949e+03,8.554791015625000000e+03
1.418518100000000004e+03,8.149076660156250000e+03
1.418520500000000084e+03,8.456522460937500000e+03
1.418522899999999936e+03,8.179279785156250000e+03
1.418525399999999991e+03,8.451465820312500000e+03
1.418527800000000070e+03,8.139194335937500000e+03
1.418530299999999897e+03,8.160224609375000000e+03
1.418532699999999977e+03,8.216805664062500000e+03
1.418535200000000032e+03,8.206080078125000000e+03
1.418537600000000111e+03,8.450129882812500000e+03
1.418539999999999964e+03,8.508729492187500000e+03
1.418542500000000018e+03,8.080724121093750000e+03
1.418544900000000098e+03,8.410262695312500000e+03
1.418547399999999925e+03,8.151216796875000000e+03
1.418549800000000005e+03,8.187717773437500000e+03
1.418552200000000084e+03,7.813083007812500000e+03
1.418554699999999912e+03,8.344770507812500000e+03
1.418557099999999991e+03,8.331020507812500000e+03
1.418559600000000046e+03,8.389315429687500000e+03
1.418561999999999898e+03,8.193423828125000000e+03
1.418564499999999953e+03,8.284976562500000000e+03
1.418566900000000032e+03,8.315837890625000000e+03
1.418569300000000112e+03,8.458231445312500000e+03
1.418571799999999939e+03,7.942715332031250000e+03
1.418574200000000019e+03,8.186203125000000000e+03
1.418576700000000073e+03,8.448893554687500000e+03
1.418579099999999926e+03,8.240957031250000000e+03
1.418581500000000005e+03,8.421153320312500000e+03
1.418584000000000060e+03,8.067028808593750000e+03
1.418586399999999912e+03,8.231686523437500000e+03
1.418588899999999967e+03,8.373068359375000000e+03
1.418591300000000047e+03,8.289498046875000000e+03
1.418593800000000101e+03,8.321427734375000000e+03
1.418596199999999953e+03,8.421127929687500000e+03
1.418598600000000033e+03,8.410853515625000000e+03
1.418601100000000088e+03,8.047125000000000000e+03
1.418603499999999940e+03,8.219442382812500000e+03
1.418605999999999995e+03,8.193542968750000000e+03
1.418608400000000074e+03,7.985012695312500000e+03
1.418610799999999927e+03,8.101169433593750000e+03
1.418613299999999981e+03,8.382423828125000000e+03
1.418615700000000061e+03,8.181802246093750000e+03
1.418618199999999888e+03,8.227406250000000000e+03
1.418620599999999968e+03,8.267347656250000000e+03
1.418623000000000047e+03,7.921010253906250000e+03
1.418625500000000102e+03,8.214558593750000000e+03
1.418627899999999954e+03,8.411455078125000000e+03
1.418630400000000009e+03,8.375145507812500000e+03
1.418632800000000088e+03,8.585849609375000000e+03
1.418635299999999916e+03,8.316591796875000000e+03
1.418637699999999995e+03,8.408653320312500000e+03
1.418640100000000075e+03,8.434367187500000000e+03
1.418642599999999902e+03,8.190195800781250000e+03
1.418644999999999982e+03,8.188718261718750000e+03
1.418647500000000036e+03,8.311689453125000000e+03
1.418649899999999889e+03,8.203284179687500000e+03
1.418652299999999968e+03,8.273314453125000000e+03
1.418654800000000023e+03,8.271851562500000000e+03
1.418657200000000103e+03,8.257019531250000000e+03
1.418659699999999930e+03,8.181943847656250000e+03
1.418662100000000009e+03,8.196508789062500000e+03
1.418664600000000064e+03,8.374848632812500000e+03
1.418666999999999916e+03,8.332235351562500000e+03
1.418669399999999996e+03,8.141498535156250000e+03
1.418671900000000051e+03,8.244791015625000000e+03
1.418674299999999903e+03,8.401885742187500000e+03
1.418676799999999957e+03,8.332591796875000000e+03
1.418679200000000037e+03,8.019347167968750000e+03
1.418681599999999889e+03,8.267588867187500000e+03
1.418684099999999944e+03,8.461779296875000000e+03
1.418686500000000024e+03,8.264055664062500000e+03
1.418689000000000078e+03,8.150096679687500000e+03
1.418691399999999931e+03,8.473821289062500000e+03
1.418693800000000010e+03,8.244695312500000000e+03
1.418696300000000065e+03,8.092294433593750000e+03
1.418698699999999917e+03,8.224845703125000000e+03
1.418701199999999972e+03,8.339655273437500000e+03
1.418703600000000051e+03,8.273245117187500000e+03
1.418706100000000106e+03,8.424967773437500000e+03
1.418708499999999958e+03,8.570948242187500000e+03
1.418710900000000038e+03,8.451218750000000000e+03
1.418713400000000092e+03,8.347338867187500000e+03
1.418715799999999945e+03,8.239728515625000000e+03
1.418718299999999999e+03,8.031856933593750000e+03
1.418720700000000079e+03,7.979187988281250000e+03
1.418723099999999931e+03,7.987720703125000000e+03
1.418725599999999986e+03,8.356878906250000000e+03
1.418728000000000065e+03,8.220430664062500000e+03
1.418730499999999893e+03,7.865222167968750000e+03
1.418732899999999972e+03,8.218100585937500000e+03
1.418735400000000027e+03,7.969900878906250000e+03
1.418737800000000107e+03,8.524930664062500000e+03
1.418740199999999959e+03,8.161195800781250000e+03
1.418742700000000013e+03,8.443598632812500000e+03
1.418745100000000093e+03,8.374583984375000000e+03
1.418747599999999920e+03,8.505212890625000000e+03
1.418750000000000000e+03,8.082128906250000000e+03
1.418752400000000080e+03,8.141275390625000000e+03
1.418754899999999907e+03,8.425391601562500000e+03
1.418757299999999987e+03,7.985520996093750000e+03
1.418759800000000041e+03,8.424953125000000000e+03
1.418762199999999893e+03,8.079657714843750000e+03
1.418764599999999973e+03,8.197191406250000000e+03
1.418767100000000028e+03,8.138516601562500000e+03
1.418769500000000107e+03,8.138191894531250000e+03
1.418771999999999935e+03,8.073318359375000000e+03
1.418774400000000014e+03,8.240924804687500000e+03
1.418776900000000069e+03,8.286287109375000000e+03
1.418779299999999921e+03,8.571292968750000000e+03
1.418781700000000001e+03,8.071607910156250000e+03
1.418784200000000055e+03,8.387817382812500000e+03
1.418786599999999908e+03,8.308960937500000000e+03
1.418789099999999962e+03,8.172985839843750000e+03
1.418791500000000042e+03,8.380615234375000000e+03
1.418793899999999894e+03,8.180178222656250000e+03
1.418796399999999949e+03,8.306948242187500000e+03
1.418798800000000028e+03,8.267083007812500000e+03
1.418801300000000083e+03,7.987636230468750000e+03
1.418803699999999935e+03,8.144262207031250000e+03
1.418806199999999990e+03,7.997120605468750000e+03
1.418808600000000069e+03,8.156057617187500000e+03
1.418810999999999922e+03,8.246923828125000000e+03
1.418813499999999976e+03,8.454610351562500000e+03
1.418815900000000056e+03,8.241459960937500000e+03
1.418818400000000111e+03,8.636766601562500000e+03
1.418820799999999963e+03,8.352383789062500000e+03
1.418823200000000043e+03,8.010777832031250000e+03
1.418825700000000097e+03,8.249084960937500000e+03
1.418828099999999949e+03,8.556161132812500000e+03
1.418830600000000004e+03,8.368816406250000000e+03
1.418833000000000084e+03,7.906423339843750000e+03
1.418835399999999936e+03,8.095680175781250000e+03
1.418837899999999991e+03,8.338514648437500000e+03
1.418840300000000070e+03,8.247694335937500000e+03
1.418842799999999897e+03,8.061107910156250000e+03
1.418845199999999977e+03,8.036889648437500000e+03
1.418847700000000032e+03,8.306663085937500000e+03
1.418850100000000111e+03,8.177790527343750000e+03
1.418852499999999964e+03,8.267850585937500000e+03
1.418855000000000018e+03,8.398707031250000000e+03
1.418857400000000098e+03,8.050540039062500000e+03
1.418859899999999925e+03,8.701727539062500000e+03
1.418862300000000005e+03,8.267071289062500000e+03
1.418864700000000084e+03,8.116790527343750000e+03
1.418867199999999912e+03,8.317533203125000000e+03
1.418869599999999991e+03,8.450902343750000000e+03
1.418872100000000046e+03,8.045422363281250000e+03
1.418874499999999898e+03,8.129379882812500000e+03
1.418876999999999953e+03,8.377780273437500000e+03
1.418879400000000032e+03,8.175983398437500000e+03
1.418881800000000112e+03,8.412141601562500000e+03
1.418884299999999939e+03,8.234136718750000000e+03
1.418886700000000019e+03,8.350997070312500000e+03
1.418889200000000073e+03,8.450868164062500000e+03
1.418891599999999926e+03,8.282670898437500000e+03
1.418894000000000005e+03,8.500422851562500000e+03
1.418896500000000060e+03,8.085129394531250000e+03
1.418898899999999912e+03,8.202661132812500000e+03
1.418901399999999967e+03,8.091940917968750000e+03
1.418903800000000047e+03,8.313469726562500000e+03
1.418906199999999899e+03,8.355565429687500000e+03
1.418908699999999953e+03,7.954583007812500000e+03
1.418911100000000033e+03,8.156003417968750000e+03
1.418913600000000088e+03,8.272222656250000000e+03
1.418915999999999940e+03,8.273957031250000000e+03
1.418918499999999995e+03,8.281452148437500000e+03
1.418920900000000074e+03,8.565791992187500000e+03
1.418923299999999927e+03,8.293293945312500000e+03
1.418925799999999981e+03,8.704815429687500000e+03
1.418928200000000061e+03,8.119591308593750000e+03
1.418930699999999888e+03,8.154324707031250000e+03
1.418933099999999968e+03,8.200880859375000000e+03
1.418935500000000047e+03,8.401134765625000000e+03
1.418938000000000102e+03,8.317140625000000000e+03
1.418940399999999954e+03,8.429475585937500000e+03
1.418942900000000009e+03,8.005126464843750000e+03
1.418945300000000088e+03,8.373662109375000000e+03
1.418947799999999916e+03,8.182770507812500000e+03
1.418950199999999995e+03,8.102008789062500000e+03
1.418952600000000075e+03,8.278460937500000000e+03
1.418955099999999902e+03,8.284642578125000000e+03
1.418957499999999982e+03,8.246461914062500000e+03
1.418960000000000036e+03,8.326123046875000000e+03
1.418962399999999889e+03,8.142847167968750000e+03
1.418964799999999968e+03,8.376556640625000000e+03
1.418967300000000023e+03,8.115923339843750000e+03
1.418969700000000103e+03,8.384389648437500000e+03
1.418972199999999930e+03,8.141041015625000000e+03
1.418974600000000009e+03,8.572461914062500000e+03
1.418977100000000064e+03,8.303702148437500000e+03
1.418979499999999916e+03,8.009981445312500000e+03
1.418981899999999996e+03,8.481240234375000000e+03
1.418984400000000051e+03,8.295492187500000000e+03
1.418986799999999903e+03,8.236155273437500000e+03
1.418989299999999957e+03,8.497819335937500000e+03
1.418991700000000037e+03,7.915740234375000000e+03
1.418994099999999889e+03,8.028556152343750000e+03
1.418996599999999944e+03,8.259477539062500000e+03
1.418999000000000024e+03,8.361200195312500000e+03
1.419001500000000078e+03,8.305257812500000000e+03
1.419003899999999931e+03,8.468302734375000000e+03
1.419006300000000010e+03,8.302024414062500000e+03
1.419008800000000065e+03,8.340172851562500000e+03
1.419011199999999917e+03,8.316462890625000000e+03
1.419013699999999972e+03,8.280788085937500000e+03
1.419016100000000051e+03,8.175821777343750000e+03
1.419018600000000106e+03,8.811832031250000000e+03
1.419020999999999958e+03,8.282537109375000000e+03
1.419023400000000038e+03,8.307302734375000000e+03
1.419025900000000092e+03,8.059651855468750000e+03
1.419028299999999945e+03,8.321948242187500000e+03
1.419030799999999999e+03,8.062531250000000000e+03
1.419033200000000079e+03,8.278096679687500000e+03
1.419035599999999931e+03,8.295762695312500000e+03
1.419038099999999986e+03,8.258179687500000000e+03
1.419040500000000065e+03,8.386494140625000000e+03
1.419042999999999893e+03,7.937444824218750000e+03
1.419045399999999972e+03,8.368154296875000000e+03
1.419047900000000027e+03,8.119784179687500000e+03
1.419050300000000107e+03,8.219833007812500000e+03
1.419052699999999959e+03,8.372189453125000000e+03
1.419055200000000013e+03,8.146231933593750000e+03
1.419057600000000093e+03,8.071118164062500000e+03
1.419060099999999920e+03,8.123333007812500000e+03
1.419062500000000000e+03,8.483807617187500000e+03
1.419064900000000080e+03,8.278403320312500000e+03
1.419067399999999907e+03,8.170611328125000000e+03
1.419069799999999987e+03,8.315126953125000000e+03
1.419072300000000041e+03,8.318290039062500000e+03
1.419074699999999893e+03,8.051324218750000000e+03
1.419077099999999973e+03,8.168354980468750000e+03
1.419079600000000028e+03,8.314379882812500000e+03
1.419082000000000107e+03,8.553754882812500000e+03
1.419084499999999935e+03,8.419855468750000000e+03
1.419086900000000014e+03,8.167500976562500000e+03
1.419089400000000069e+03,8.603467773437500000e+03
1.419091799999999921e+03,8.466460937500000000e+03
1.419094200000000001e+03,8.356264648437500000e+03
1.419096700000000055e+03,8.494905273437500000e+03
1.419099099999999908e+03,8.040895019531250000e+03
1.419101599999999962e+03,8.195344726562500000e+03
1.419104000000000042e+03,8.297464843750000000e+03
1.419106399999999894e+03,8.102285644531250000e+03
1.419108899999999949e+03,8.006296875000000000e+03
1.419111300000000028e+03,8.061096679687500000e+03
1.419113800000000083e+03,8.306668945312500000e+03
1.419116199999999935e+03,8.140348144531250000e+03
1.419118699999999990e+03,8.207889648437500000e+03
1.419121100000000069e+03,8.540086914062500000e+03
1.419123499999999922e+03,8.545054687500000000e+03
1.419125999999999976e+03,8.578539062500000000e+03
1.419128400000000056e+03,8.347933593750000000e+03
1.419130900000000111e+03,8.040364746093750000e+03
1.419133299999999963e+03,8.161819824218750000e+03
1.419135700000000043e+03,8.400089843750000000e+03
1.419138200000000097e+03,8.560139648437500000e+03
1.419140599999999949e+03,8.406251953125000000e+03
1.419143100000000004e+03,8.282429687500000000e+03
1.419145500000000084e+03,8.246153320312500000e+03
1.419147899999999936e+03,8.481363281250000000e+03
1.419150399999999991e+03,8.709737304687500000e+03
1.419152800000000070e+03,8.313963867187500000e+03
1.419155299999999897e+03,8.445427734375000000e+03
1.419157699999999977e+03,8.152445800781250000e+03
1.419160200000000032e+03,8.298467773437500000e+03
1.419162600000000111e+03,8.212390625000000000e+03
1.419164999999999964e+03,8.477016601562500000e+03
1.419167500000000018e+03,8.321144531250000000e+03
1.419169900000000098e+03,8.346457031250000000e+03
1.419172399999999925e+03,8.574275390625000000e+03
1.419174800000000005e+03,8.547782226562500000e+03
1.419177200000000084e+03,8.057897460937500000e+03
1.419179699999999912e+03,8.571883789062500000e+03
1.419182099999999991e+03,8.345762695312500000e+03
1.419184600000000046e+03,8.413312500000000000e+03
1.419186999999999898e+03,8.354838867187500000e+03
1.419189499999999953e+03,8.408636718750000000e+03
1.419191900000000032e+03,8.252320312500000000e+03
1.419194300000000112e+03,7.924093750000000000e+03
1.419196799999999939e+03,8.668677734375000000e+03
1.419199200000000019e+03,8.205423828125000000e+03
1.419201700000000073e+03,8.250674804687500000e+03
1.419204099999999926e+03,7.936689453125000000e+03
1.419206500000000005e+03,8.524272460937500000e+03
1.419209000000000060e+03,8.437466796875000000e+03
1.419211399999999912e+03,8.771774414062500000e+03
1.419213899999999967e+03,8.077253417968750000e+03
1.419216300000000047e+03,8.064691894531250000e+03
1.419218800000000101e+03,8.284375976562500000e+03
1.419221199999999953e+03,8.150438964843750000e+03
1.419223600000000033e+03,8.431758789062500000e+03
1.419226100000000088e+03,8.705512695312500000e+03
1.419228499999999940e+03,8.536400390625000000e+03
1.419230999999999995e+03,8.133764160156250000e+03
1.419233400000000074e+03,8.273130859375000000e+03
1.419235799999999927e+03,8.094692871093750000e+03
1.419238299999999981e+03,8.230423828125000000e+03
1.419240700000000061e+03,8.265948242187500000e+03
1.419243199999999888e+03,8.193938476562500000e+03
1.419245599999999968e+03,8.677302734375000000e+03
1.419248000000000047e+03,8.311996093750000000e+03
1.419250500000000102e+03,8.301057617187500000e+03
1.419252899999999954e+03,8.273927734375000000e+03
1.419255400000000009e+03,8.479258789062500000e+03
1.419257800000000088e+03,8.144552734375000000e+03
1.419260299999999916e+03,8.049173828125000000e+03
1.419262699999999995e+03,8.140987304687500000e+03
1.419265100000000075e+03,8.220045898437500000e+03
1.419267599999999902e+03,8.626231445312500000e+03
1.419269999999999982e+03,8.286391601562500000e+03
1.419272500000000036e+03,8.714521484375000000e+03
1.419274899999999889e+03,8.526474609375000000e+03
1.419277299999999968e+03,8.366148437500000000e+03
1.419279800000000023e+03,8.176761718750000000e+03
1.419282200000000103e+03,8.350023437500000000e+03
1.419284699999999930e+03,8.547404296875000000e+03
1.419287100000000009e+03,8.205709960937500000e+03
1.419289600000000064e+03,8.555227539062500000e+03
1.419291999999999916e+03,8.495881835937500000e+03
1.419294399999999996e+03,8.410199218750000000e+03
1.419296900000000051e+03,8.283859375000000000e+03
1.419299299999999903e+03,8.261272460937500000e+03
1.419301799999999957e+03,8.067832031250000000e+03
1.419304200000000037e+03,8.166498535156250000e+03
1.419306599999999889e+03,8.401016601562500000e+03
1.419309099999999944e+03,8.562605468750000000e+03
1.419311500000000024e+03,8.445227539062500000e+03
1.419314000000000078e+03,8.343886718750000000e+03
1.419316399999999931e+03,8.252940429687500000e+03
1.419318800000000010e+03,8.357636718750000000e+03
1.419321300000000065e+03,8.717176757812500000e+03
1.419323699999999917e+03,8.188504882812500000e+03
1.419326199999999972e+03,8.394959960937500000e+03
1.419328600000000051e+03,8.356491210937500000e+03
1.419331100000000106e+03,8.420100585937500000e+03
1.419333499999999958e+03,8.278446289062500000e+03
1.419335900000000038e+03,8.030238281250000000e+03
1.419338400000000092e+03,8.394376953125000000e+03
1.419340799999999945e+03,8.101557617187500000e+03
1.419343299999999999e+03,8.151592773437500000e+03
1.419345700000000079e+03,8.107116210937500000e+03
1.419348099999999931e+03,8.116897460937500000e+03
1.419350599999999986e+03,8.550935546875000000e+03
1.419353000000000065e+03,8.280985351562500000e+03
1.419355499999999893e+03,8.554326171875000000e+03
1.419357899999999972e+03,8.327872070312500000e+03
1.419360400000000027e+03,8.525363281250000000e+03
1.419362800000000107e+03,8.238159179687500000e+03
1.419365199999999959e+03,8.517720703125000000e+03
1.419367700000000013e+03,8.309070312500000000e+03
1.419370100000000093e+03,8.144165039062500000e+03
1.419372599999999920e+03,8.409155273437500000e+03
1.419375000000000000e+03,8.239468750000000000e+03
1.419377400000000080e+03,8.115434570312500000e+03
1.419379899999999907e+03,8.822668945312500000e+03
1.419382299999999987e+03,8.785283203125000000e+03
1.419384800000000041e+03,8.423161132812500000e+03
1.419387199999999893e+03,8.253837890625000000e+03
1.419389599999999973e+03,8.459814453125000000e+03
1.419392100000000028e+03,8.377458007812500000e+03
1.419394500000000107e+03,8.223376953125000000e+03
1.419396999999999935e+03,8.491156250000000000e+03
1.419399400000000014e+03,8.402210937500000000e+03
1.419401900000000069e+03,8.469556640625000000e+03
1.419404299999999921e+03,8.141957031250000000e+03
1.419406700000000001e+03,8.113460937500000000e+03
1.419409200000000055e+03,8.079911132812500000e+03
1.419411599999999908e+03,8.517514648437500000e+03
1.419414099999999962e+03,8.026381835937500000e+03
1.419416500000000042e+03,8.119527832031250000e+03
1.419418899999999894e+03,8.453614257812500000e+03
1.419421399999999949e+03,8.528183593750000000e+03
1.419423800000000028e+03,8.599469726562500000e+03
1.419426300000000083e+03,8.198477539062500000e+03
1.419428699999999935e+03,8.468159179687500000e+03
1.419431199999999990e+03,8.214488281250000000e+03
1.419433600000000069e+03,8.322655273437500000e+03
1.419435999999999922e+03,8.299724609375000000e+03
1.419438499999999976e+03,8.231762695312500000e+03
1.419440900000000056e+03,8.439977539062500000e+03
1.419443400000000111e+03,8.349004882812500000e+03
1.419445799999999963e+03,8.291107421875000000e+03
1.419448200000000043e+03,8.546344726562500000e+03
1.419450700000000097e+03,8.377046875000000000e+03
1.419453099999999949e+03,8.144378417968750000e+03
1.419455600000000004e+03,8.412050781250000000e+03
1.419458000000000084e+03,8.933582031250000000e+03
1.419460399999999936e+03,8.572924804687500000e+03
1.419462899999999991e+03,8.436758789062500000e+03
1.419465300000000070e+03,8.455763671875000000e+03
1.419467799999999897e+03,8.558602539062500000e+03
1.419470199999999977e+03,8.963642578125000000e+03
1.419472700000000032e+03,8.561122070312500000e+03
1.419475100000000111e+03,8.195739257812500000e+03
1.419477499999999964e+03,8.487431640625000000e+03
1.419480000000000018e+03,8.549268554687500000e+03
1.419482400000000098e+03,8.732861328125000000e+03
1.419484899999999925e+03,8.468154296875000000e+03
1.419487300000000005e+03,8.190067382812500000e+03
1.419489700000000084e+03,8.363924804687500000e+03
1.419492199999999912e+03,8.404878906250000000e+03
1.419494599999999991e+03,8.325059570312500000e+03
1.419497100000000046e+03,8.324333007812500000e+03
1.419499499999999898e+03,8.298209960937500000e+03
1.419501999999999953e+03,8.261420898437500000e+03
1.419504400000000032e+03,8.654783203125000000e+03
1.419506800000000112e+03,8.339511718750000000e+03
1.419509299999999939e+03,8.231197265625000000e+03
1.419511700000000019e+03,8.515662109375000000e+03
1.419514200000000073e+03,8.188872070312500000e+03
1.419516599999999926e+03,8.496982421875000000e+03
1.419519000000000005e+03,8.274726562500000000e+03
1.419521500000000060e+03,8.471895507812500000e+03
1.419523899999999912e+03,8.665828125000000000e+03
1.419526399999999967e+03,8.320076171875000000e+03
1.419528800000000047e+03,8.549553710937500000e+03
1.419531199999999899e+03,8.183921386718750000e+03
1.419533699999999953e+03,8.495780273437500000e+03
1.419536100000000033e+03,8.490644531250000000e+03
1.419538600000000088e+03,8.446054687500000000e+03
1.419540999999999940e+03,8.514609375000000000e+03
1.419543499999999995e+03,8.296833984375000000e+03
1.419545900000000074e+03,8.255302734375000000e+03
1.419548299999999927e+03,8.783586914062500000e+03
1.419550799999999981e+03,8.457293945312500000e+03
1.419553200000000061e+03,8.405017578125000000e+03
1.419555699999999888e+03,8.709808593750000000e+03
1.419558099999999968e+03,8.540978515625000000e+03
1.419560500000000047e+03,8.618534179687500000e+03
1.419563000000000102e+03,8.563747070312500000e+03
1.419565399999999954e+03,8.419331054687500000e+03
1.419567900000000009e+03,8.490780273437500000e+03
1.419570300000000088e+03,8.382845703125000000e+03
1.419572799999999916e+03,8.518893554687500000e+03
1.419575199999999995e+03,8.478546875000000000e+03
1.419577600000000075e+03,8.778347656250000000e+03
1.419580099999999902e+03,8.789482421875000000e+03
1.419582499999999982e+03,8.484793945312500000e+03
1.419585000000000036e+03,8.304193359375000000e+03
1.419587399999999889e+03,8.573896484375000000e+03
1.419589799999999968e+03,8.221630859375000000e+03
1.419592300000000023e+03,8.243147460937500000e+03
1.419594700000000103e+03,8.332980468750000000e+03
1.419597199999999930e+03,8.411647460937500000e+03
1.419599600000000009e+03,8.333423828125000000e+03
1.419602100000000064e+03,8.523172851562500000e+03
1.419604499999999916e+03,8.693576171875000000e+03
1.419606899999999996e+03,8.381131835937500000e+03
1.419609400000000051e+03,8.436362304687500000e+03
1.419611799999999903e+03,8.600666992187500000e+03
1.419614299999999957e+03,8.477934570312500000e+03
1.419616700000000037e+03,8.302632812500000000e+03
1.419619099999999889e+03,8.556814453125000000e+03
1.419621599999999944e+03,8.331465820312500000e+03
1.419624000000000024e+03,8.531297851562500000e+03
1.419626500000000078e+03,8.404750000000000000e+03
1.419628899999999931e+03,8.389545898437500000e+03
1.419631300000000010e+03,7.889432617187500000e+03
1.419633800000000065e+03,8.334123046875000000e+03
1.419636199999999917e+03,8.614609375000000000e+03
1.419638699999999972e+03,8.418906250000000000e+03
1.419641100000000051e+03,8.574828125000000000e+03
1.419643600000000106e+03,8.578263671875000000e+03
1.419645999999999958e+03,8.387404296875000000e+03
1.419648400000000038e+03,8.430573242187500000e+03
1.419650900000000092e+03,8.410749023437500000e+03
1.419653299999999945e+03,8.383618164062500000e+03
1.419655799999999999e+03,8.701772460937500000e+03
1.419658200000000079e+03,8.481421875000000000e+03
1.419660599999999931e+03,8.851384765625000000e+03
1.419663099999999986e+03,8.364365234375000000e+03
1.419665500000000065e+03,8.309973632812500000e+03
1.419667999999999893e+03,8.565217773437500000e+03
1.419670399999999972e+03,8.372812500000000000e+03
1.419672900000000027e+03,8.646408203125000000e+03
1.419675300000000107e+03,8.390081054687500000e+03
1.419677699999999959e+03,8.164651855468750000e+03
1.419680200000000013e+03,8.509494140625000000e+03
1.419682600000000093e+03,8.335767578125000000e+03
1.419685099999999920e+03,8.535074218750000000e+03
1.419687500000000000e+03,8.086764648437500000e+03
1.419689900000000080e+03,8.643707031250000000e+03
1.419692399999999907e+03,8.430855468750000000e+03
1.419694799999999987e+03,8.382692382812500000e+03
1.419697300000000041e+03,8.205255859375000000e+03
1.419699699999999893e+03,8.271565429687500000e+03
1.419702099999999973e+03,8.275682617187500000e+03
1.419704600000000028e+03,8.509154296875000000e+03
1.419707000000000107e+03,8.316866210937500000e+03
1.419709499999999935e+03,8.391806640625000000e+03
1.419711900000000014e+03,8.562550781250000000e+03
1.419714400000000069e+03,8.884335937500000000e+03
1.419716799999999921e+03,8.354353515625000000e+03
1.419719200000000001e+03,8.641987304687500000e+03
1.419721700000000055e+03,8.197269531250000000e+03
1.419724099999999908e+03,8.741896484375000000e+03
1.419726599999999962e+03,8.511750000000000000e+03
1.419729000000000042e+03,8.177136230468750000e+03
1.419731399999999894e+03,8.407788085937500000e+03
1.419733899999999949e+03,8.436625000000000000e+03
1.419736300000000028e+03,8.628647460937500000e+03
1.419738800000000083e+03,8.560642578125000000e+03
1.419741199999999935e+03,8.572254882812500000e+03
1.419743699999999990e+03,8.339972656250000000e+03
1.419746100000000069e+03,8.505206054687500000e+03
1.419748499999999922e+03,8.641671875000000000e+03
1.419750999999999976e+03,8.430896484375000000e+03
1.419753400000000056e+03,8.251276367187500000e+03
1.419755900000000111e+03,8.510134765625000000e+03
1.419758299999999963e+03,8.386354492187500000e+03
1.419760700000000043e+03,8.349787109375000000e+03
1.419763200000000097e+03,8.291490234375000000e+03
1.419765599999999949e+03,8.424784179687500000e+03
1.419768100000000004e+03,8.706125000000000000e+03
1.419770500000000084e+03,8.831200195312500000e+03
1.419772899999999936e+03,8.218074218750000000e+03
1.419775399999999991e+03,8.389105468750000000e+03
1.419777800000000070e+03,8.288399414062500000e+03
1.419780299999999897e+03,8.615657226562500000e+03
1.419782699999999977e+03,8.296475585937500000e+03
1.419785200000000032e+03,8.418029296875000000e+03
1.419787600000000111e+03,8.539162109375000000e+03
1.419789999999999964e+03,8.846140625000000000e+03
1.419792500000000018e+03,8.473088867187500000e+03
1.419794900000000098e+03,8.646255859375000000e+03
1.419797399999999925e+03,8.653258789062500000e+03
1.419799800000000005e+03,8.684963867187500000e+03
1.419802200000000084e+03,8.532737304687500000e+03
1.419804699999999912e+03,8.605926757812500000e+03
1.419807099999999991e+03,8.532980468750000000e+03
1.419809600000000046e+03,8.662250000000000000e+03
1.419811999999999898e+03,8.614976562500000000e+03
1.419814499999999953e+03,8.463133789062500000e+03
1.419816900000000032e+03,8.731777343750000000e+03
1.419819300000000112e+03,8.189732910156250000e+03
1.419821799999999939e+03,8.559651367187500000e+03
1.419824200000000019e+03,8.681639648437500000e+03
1.419826700000000073e+03,8.521483398437500000e+03
1.419829099999999926e+03,8.640455078125000000e+03
1.419831500000000005e+03,8.677728515625000000e+03
1.419834000000000060e+03,8.606875000000000000e+03
1.419836399999999912e+03,8.580755859375000000e+03
1.419838899999999967e+03,8.464290039062500000e+03
1.419841300000000047e+03,8.726559570312500000e+03
1.419843800000000101e+03,8.319822265625000000e+03
1.419846199999999953e+03,8.580599609375000000e+03
1.419848600000000033e+03,8.639752929687500000e+03
1.419851100000000088e+03,8.243582031250000000e+03
1.419853499999999940e+03,8.444576171875000000e+03
1.419855999999999995e+03,8.444801757812500000e+03
1.419858400000000074e+03,8.326377929687500000e+03
1.419860799999999927e+03,8.355839843750000000e+03
1.419863299999999981e+03,8.732492187500000000e+03
1.419865700000000061e+03,8.573678710937500000e+03
1.419868199999999888e+03,8.402804687500000000e+03
1.419870599999999968e+03,8.408258789062500000e+03
1.419873000000000047e+03,8.559186523437500000e+03
1.419875500000000102e+03,8.398166992187500000e+03
1.419877899999999954e+03,8.602443359375000000e+03
1.419880400000000009e+03,8.648848632812500000e+03
1.419882800000000088e+03,8.480511718750000000e+03
1.419885299999999916e+03,8.534728515625000000e+03
1.419887699999999995e+03,8.498764648437500000e+03
1.419890100000000075e+03,8.586634765625000000e+03
1.419892599999999902e+03,8.537551757812500000e+03
1.419894999999999982e+03,8.700875000000000000e+03
1.419897500000000036e+03,8.580811523437500000e+03
1.419899899999999889e+03,8.654224609375000000e+03
1.419902299999999968e+03,8.453099609375000000e+03
1.419904800000000023e+03,8.461818359375000000e+03
1.419907200000000103e+03,8.269571289062500000e+03
1.419909699999999930e+03,8.749873046875000000e+03
1.419912100000000009e+03,8.401833984375000000e+03
1.419914600000000064e+03,8.757835937500000000e+03
1.419916999999999916e+03,8.278620117187500000e+03
1.419919399999999996e+03,8.584770507812500000e+03
1.419921900000000051e+03,8.563500000000000000e+03
1.419924299999999903e+03,8.582195312500000000e+03
1.419926799999999957e+03,8.451637695312500000e+03
1.419929200000000037e+03,8.715489257812500000e+03
1.419931599999999889e+03,8.354120117187500000e+03
1.419934099999999944e+03,8.794248046875000000e+03
1.419936500000000024e+03,8.549211914062500000e+03
1.419939000000000078e+03,8.538431640625000000e+03
1.419941399999999931e+03,8.525063476562500000e+03
1.419943800000000010e+03,8.717997070312500000e+03
1.419946300000000065e+03,8.438324218750000000e+03
1.419948699999999917e+03,8.416497070312500000e+03
1.419951199999999972e+03,8.621420898437500000e+03
1.419953600000000051e+03,8.431916015625000000e+03
1.419956100000000106e+03,8.669160156250000000e+03
1.419958499999999958e+03,8.479763671875000000e+03
1.419960900000000038e+03,8.651229492187500000e+03
1.419963400000000092e+03,8.717925781250000000e+03
1.419965799999999945e+03,8.400190429687500000e+03
1.419968299999999999e+03,8.899895507812500000e+03
1.419970700000000079e+03,8.753683593750000000e+03
1.419973099999999931e+03,8.540723632812500000e+03
1.419975599999999986e+03,8.671978515625000000e+03
1.419978000000000065e+03,8.646157226562500000e+03
1.419980499999999893e+03,8.314015625000000000e+03
1.419982899999999972e+03,8.595652343750000000e+03
1.419985400000000027e+03,8.796868164062500000e+03
1.419987800000000107e+03,8.795214843750000000e+03
1.419990199999999959e+03,8.789737304687500000e+03
1.419992700000000013e+03,8.752390625000000000e+03
1.419995100000000093e+03,8.425205078125000000e+03
1.419997599999999920e+03,1.064766210937500000e+04
1.420000000000000000e+03,8.564329101562500000e+03
1.420002400000000080e+03,8.830244140625000000e+03
1.420004899999999907e+03,8.575446289062500000e+03
1.420007299999999987e+03,8.600500976562500000e+03
1.420009800000000041e+03,8.418375976562500000e+03
1.420012199999999893e+03,8.630287109375000000e+03
1.420014599999999973e+03,8.513894531250000000e+03
1.420017100000000028e+03,8.547475585937500000e+03
1.420019500000000107e+03,8.394482421875000000e+03
1.420021999999999935e+03,8.527184570312500000e+03
1.420024400000000014e+03,8.612153320312500000e+03
1.420026900000000069e+03,8.525366210937500000e+03
1.420029299999999921e+03,8.348980468750000000e+03
1.420031700000000001e+03,8.363535156250000000e+03
1.420034200000000055e+03,8.722011718750000000e+03
1.420036599999999908e+03,8.746287109375000000e+03
1.420039099999999962e+03,8.647084960937500000e+03
1.420041500000000042e+03,8.675953125000000000e+03
1.420043899999999894e+03,8.632685546875000000e+03
1.420046399999999949e+03,8.820125000000000000e+03
1.420048800000000028e+03,8.734690429687500000e+03
1.420051300000000083e+03,8.772271484375000000e+03
1.420053699999999935e+03,8.760665039062500000e+03
1.420056199999999990e+03,8.665842773437500000e+03
1.420058600000000069e+03,8.735286132812500000e+03
1.420060999999999922e+03,8.727389648437500000e+03
1.420063499999999976e+03,8.766501953125000000e+03
1.420065900000000056e+03,8.215750000000000000e+03
1.420068400000000111e+03,8.737750000000000000e+03
1.420070799999999963e+03,8.881938476562500000e+03
1.420073200000000043e+03,8.425697265625000000e+03
1.420075700000000097e+03,8.486161132812500000e+03
1.420078099999999949e+03,8.551747070312500000e+03
1.420080600000000004e+03,8.887332031250000000e+03
1.420083000000000084e+03,8.613692382812500000e+03
1.420085399999999936e+03,8.905245117187500000e+03
1.420087899999999991e+03,8.483382812500000000e+03
1.420090300000000070e+03,8.992761718750000000e+03
1.420092799999999897e+03,8.725501953125000000e+03
1.420095199999999977e+03,9.096852539062500000e+03
1.420097700000000032e+03,8.706458984375000000e+03
1.420100100000000111e+03,9.060501953125000000e+03
1.420102499999999964e+03,8.683535156250000000e+03
1.420105000000000018e+03,8.692617187500000000e+03
1.420107400000000098e+03,8.897512695312500000e+03
1.420109899999999925e+03,8.559080078125000000e+03
1.420112300000000005e+03,8.540726562500000000e+03
1.420114700000000084e+03,8.768586914062500000e+03
1.420117199999999912e+03,8.735990234375000000e+03
1.420119599999999991e+03,8.878288085937500000e+03
1.420122100000000046e+03,8.881242187500000000e+03
1.420124499999999898e+03,8.875394531250000000e+03
1.420126999999999953e+03,9.268302734375000000e+03
1.420129400000000032e+03,8.892431640625000000e+03
1.420131800000000112e+03,9.069948242187500000e+03
1.420134299999999939e+03,8.848625976562500000e+03
1.420136700000000019e+03,8.589920898437500000e+03
1.420139200000000073e+03,8.640206054687500000e+03
1.420141599999999926e+03,8.868814453125000000e+03
1.420144000000000005e+03,9.082361328125000000e+03
1.420146500000000060e+03,8.937524414062500000e+03
1.420148899999999912e+03,8.957883789062500000e+03
1.420151399999999967e+03,8.911970703125000000e+03
1.420153800000000047e+03,8.928194335937500000e+03
1.420156199999999899e+03,9.009218750000000000e+03
1.420158699999999953e+03,8.749144531250000000e+03
1.420161100000000033e+03,9.012874023437500000e+03
1.420163600000000088e+03,8.951324218750000000e+03
1.420165999999999940e+03,8.747137695312500000e+03
1.420168499999999995e+03,9.142791015625000000e+03
1.420170900000000074e+03,8.655286132812500000e+03
1.420173299999999927e+03,9.082551757812500000e+03
1.420175799999999981e+03,8.823603515625000000e+03
1.420178200000000061e+03,8.849755859375000000e+03
1.420180699999999888e+03,8.954737304687500000e+03
1.420183099999999968e+03,8.820412109375000000e+03
1.420185500000000047e+03,9.139473632812500000e+03
1.420188000000000102e+03,8.895701171875000000e+03
1.420190399999999954e+03,8.980184570312500000e+03
1.420192900000000009e+03,9.231254882812500000e+03
1.420195300000000088e+03,8.943905273437500000e+03
1.420197799999999916e+03,9.362855468750000000e+03
1.420200199999999995e+03,9.795416015625000000e+03
1.420202600000000075e+03,9.222206054687500000e+03
1.420205099999999902e+03,9.434450195312500000e+03
1.420207499999999982e+03,9.152176757812500000e+03
1.420210000000000036e+03,9.144007812500000000e+03
1.420212399999999889e+03,8.658166015625000000e+03
1.420214799999999968e+03,9.304392578125000000e+03
1.420217300000000023e+03,9.174749023437500000e+03
1.420219700000000103e+03,9.180807617187500000e+03
1.420222199999999930e+03,8.867358398437500000e+03
1.420224600000000009e+03,9.246448242187500000e+03
1.420227100000000064e+03,9.227672851562500000e+03
1.420229499999999916e+03,9.302597656250000000e+03
1.420231899999999996e+03,9.198408203125000000e+03
1.420234400000000051e+03,9.394431640625000000e+03
1.420236799999999903e+03,9.366488281250000000e+03
1.420239299999999957e+03,9.384982421875000000e+03
1.420241700000000037e+03,9.654877929687500000e+03
1.420244099999999889e+03,9.381813476562500000e+03
1.420246599999999944e+03,9.004514648437500000e+03
1.420249000000000024e+03,9.531686523437500000e+03
1.420251500000000078e+03,9.339995117187500000e+03
1.420253899999999931e+03,9.716499023437500000e+03
1.420256300000000010e+03,9.423777343750000000e+03
1.420258800000000065e+03,9.233898437500000000e+03
1.420261199999999917e+03,9.104079101562500000e+03
1.420263699999999972e+03,8.971358398437500000e+03
1.420266100000000051e+03,9.038048828125000000e+03
1.420268600000000106e+03,9.731142578125000000e+03
1.420270999999999958e+03,9.175660156250000000e+03
1.420273400000000038e+03,9.948106445312500000e+03
1.420275900000000092e+03,9.532019531250000000e+03
1.420278299999999945e+03,9.355057617187500000e+03
1.420280799999999999e+03,9.492530273437500000e+03
1.420283200000000079e+03,9.463567382812500000e+03
1.420285599999999931e+03,9.456386718750000000e+03
1.420288099999999986e+03,9.815168945312500000e+03
1.420290500000000065e+03,9.333987304687500000e+03
1.420292999999999893e+03,9.706177734375000000e+03
1.420295399999999972e+03,9.298525390625000000e+03
1.420297900000000027e+03,9.533522460937500000e+03
1.420300300000000107e+03,9.283222656250000000e+03
1.420302699999999959e+03,9.922442382812500000e+03
1.420305200000000013e+03,9.448848632812500000e+03
1.420307600000000093e+03,9.483416992187500000e+03
1.420310099999999920e+03,9.482062500000000000e+03
1.420312500000000000e+03,9.508146484375000000e+03
1.420314900000000080e+03,9.667661132812500000e+03
1.420317399999999907e+03,9.742750976562500000e+03
1.420319799999999987e+03,9.704000976562500000e+03
1.420322300000000041e+03,9.701258789062500000e+03
1.420324699999999893e+03,9.522615234375000000e+03
1.420327099999999973e+03,9.761029296875000000e+03
1.420329600000000028e+03,9.849685546875000000e+03
1.420332000000000107e+03,9.797909179687500000e+03
1.420334499999999935e+03,9.618164062500000000e+03
1.420336900000000014e+03,9.869519531250000000e+03
1.420339400000000069e+03,9.776750976562500000e+03
1.420341799999999921e+03,9.903452148437500000e+03
1.420344200000000001e+03,1.028043066406250000e+04
1.420346700000000055e+03,9.922822265625000000e+03
1.420349099999999908e+03,1.001645898437500000e+04
1.420351599999999962e+03,1.017292089843750000e+04
1.420354000000000042e+03,9.744537109375000000e+03
1.420356399999999894e+03,1.012161718750000000e+04
1.420358899999999949e+03,9.774802734375000000e+03
1.420361300000000028e+03,1.002758300781250000e+04
1.420363800000000083e+03,9.988046875000000000e+03
1.420366199999999935e+03,1.042353027343750000e+04
1.420368699999999990e+03,1.009160546875000000e+04
1.420371100000000069e+03,9.986144531250000000e+03
1.420373499999999922e+03,1.009768359375000000e+04
1.420375999999999976e+03,9.937971679687500000e+03
1.420378400000000056e+03,1.016384375000000000e+04
1.420380900000000111e+03,1.042083593750000000e+04
1.420383299999999963e+03,1.034897265625000000e+04
1.420385700000000043e+03,1.020671191406250000e+04
1.420388200000000097e+03,9.745524414062500000e+03
1.420390599999999949e+03,1.027975781250000000e+04
1.420393100000000004e+03,1.008346093750000000e+04
1.420395500000000084e+03,1.020924609375000000e+04
1.420397899999999936e+03,1.009912792968750000e+04
1.420400399999999991e+03,1.009829296875000000e+04
1.420402800000000070e+03,1.035133886718750000e+04
1.420405299999999897e+03,1.066016992187500000e+04
1.420407699999999977e+03,1.003871093750000000e+04
1.420410200000000032e+03,1.037025585937500000e+04
1.420412600000000111e+03,1.060472949218750000e+04
1.420414999999999964e+03,1.052180175781250000e+04
1.420417500000000018e+03,1.025202929687500000e+04
1.420419900000000098e+03,1.049763574218750000e+04
1.420422399999999925e+03,1.083031640625000000e+04
1.420424800000000005e+03,1.089473339843750000e+04
1.420427200000000084e+03,1.036420019531250000e+04
1.420429699999999912e+03,1.072479687500000000e+04
1.420432099999999991e+03,1.043841210937500000e+04
1.420434600000000046e+03,1.047432812500000000e+04
1.420436999999999898e+03,1.072128515625000000e+04
1.420439499999999953e+03,1.021662792968750000e+04
1.420441900000000032e+03,1.055653417968750000e+04
1.420444300000000112e+03,9.987089843750000000e+03
1.420446799999999939e+03,1.036777734375000000e+04
1.420449200000000019e+03,1.047784277343750000e+04
1.420451700000000073e+03,1.019713574218750000e+04
1.420454099999999926e+03,1.058139648437500000e+04
1.420456500000000005e+03,1.011807128906250000e+04
1.420459000000000060e+03,9.983469726562500000e+03
1.420461399999999912e+03,1.004582324218750000e+04
1.420463899999999967e+03,1.015287500000000000e+04
1.420466300000000047e+03,9.898071289062500000e+03
1.420468800000000101e+03,1.024211914062500000e+04
1.420471199999999953e+03,1.010983105468750000e+04
1.420473600000000033e+03,1.033193652343750000e+04
1.420476100000000088e+03,1.024006738281250000e+04
1.420478499999999940e+03,9.751712890625000000e+03
1.420480999999999995e+03,9.858396484375000000e+03
1.420483400000000074e+03,9.363027343750000000e+03
1.420485799999999927e+03,9.720017578125000000e+03
1.420488299999999981e+03,9.298537109375000000e+03
1.420490700000000061e+03,9.589216796875000000e+03
1.420493199999999888e+03,9.682865234375000000e+03
1.420495599999999968e+03,9.299217773437500000e+03
1.420498000000000047e+03,9.084816406250000000e+03
1.420500500000000102e+03,9.565694335937500000e+03
1.420502899999999954e+03,9.236708984375000000e+03
1.420505400000000009e+03,9.501619140625000000e+03
1.420507800000000088e+03,8.956609375000000000e+03
1.420510299999999916e+03,9.156887695312500000e+03
1.420512699999999995e+03,9.385630859375000000e+03
1.420515100000000075e+03,9.376968750000000000e+03
1.420517599999999902e+03,9.241250000000000000e+03
1.420519999999999982e+03,8.950639648437500000e+03
1.420522500000000036e+03,9.098736328125000000e+03
1.420524899999999889e+03,9.035112304687500000e+03
1.420527299999999968e+03,9.128043945312500000e+03
1.420529800000000023e+03,9.126273437500000000e+03
1.420532200000000103e+03,9.165649414062500000e+03
1.420534699999999930e+03,8.895074218750000000e+03
1.420537100000000009e+03,9.026751953125000000e+03
1.420539600000000064e+03,9.019972656250000000e+03
1.420541999999999916e+03,9.137576171875000000e+03
1.420544399999999996e+03,9.043431640625000000e+03
1.420546900000000051e+03,9.249673828125000000e+03
1.420549299999999903e+03,9.006073242187500000e+03
1.420551799999999957e+03,9.198309570312500000e+03
1.420554200000000037e+03,8.941257812500000000e+03
1.420556599999999889e+03,9.075627929687500000e+03
1.420559099999999944e+03,9.106445312500000000e+03
1.420561500000000024e+03,9.109552734375000000e+03
1.420564000000000078e+03,8.909289062500000000e+03
1.420566399999999931e+03,8.844477539062500000e+03
1.420568800000000010e+03,8.879745117187500000e+03
1.420571300000000065e+03,8.860937500000000000e+03
1.420573699999999917e+03,8.978094726562500000e+03
1.420576199999999972e+03,8.991537109375000000e+03
1.420578600000000051e+03,8.989152343750000000e+03
1.420581100000000106e+03,9.109441406250000000e+03
1.420583499999999958e+03,8.969238281250000000e+03
1.420585900000000038e+03,8.846971679687500000e+03
1.420588400000000092e+03,8.991229492187500000e+03
1.420590799999999945e+03,9.004655273437500000e+03
1.420593299999999999e+03,8.976719726562500000e+03
1.420595700000000079e+03,8.956429687500000000e+03
1.420598099999999931e+03,8.962788085937500000e+03
1.420600599999999986e+03,9.230174804687500000e+03
1.420603000000000065e+03,9.136847656250000000e+03
1.420605499999999893e+03,9.470324218750000000e+03
1.420607899999999972e+03,9.140302734375000000e+03
1.420610400000000027e+03,9.173794921875000000e+03
1.420612800000000107e+03,8.916188476562500000e+03
1.420615199999999959e+03,9.309064453125000000e+03
1.420617700000000013e+03,9.096174804687500000e+03
1.420620100000000093e+03,9.124061523437500000e+03
1.420622599999999920e+03,9.537230468750000000e+03
1.420625000000000000e+03,8.985547851562500000e+03
1.420627400000000080e+03,9.339166992187500000e+03
1.420629899999999907e+03,9.452364257812500000e+03
1.420632299999999987e+03,9.114930664062500000e+03
1.420634800000000041e+03,9.026028320312500000e+03
1.420637199999999893e+03,8.975038085937500000e+03
1.420639599999999973e+03,9.160328125000000000e+03
1.420642100000000028e+03,9.037969726562500000e+03
1.420644500000000107e+03,9.312363281250000000e+03
1.420646999999999935e+03,9.037173828125000000e+03
1.420649400000000014e+03,8.952754882812500000e+03
1.420651900000000069e+03,9.298489257812500000e+03
1.420654299999999921e+03,9.206589843750000000e+03
1.420656700000000001e+03,9.030206054687500000e+03
1.420659200000000055e+03,9.160788085937500000e+03
1.420661599999999908e+03,9.259984375000000000e+03
1.420664099999999962e+03,9.530506835937500000e+03
1.420666500000000042e+03,9.271904296875000000e+03
1.420668899999999894e+03,9.206952148437500000e+03
1.420671399999999949e+03,8.966220703125000000e+03
1.420673800000000028e+03,8.995638671875000000e+03
1.420676300000000083e+03,9.551316406250000000e+03
1.420678699999999935e+03,9.213625976562500000e+03
1.420681199999999990e+03,9.426950195312500000e+03
1.420683600000000069e+03,9.114314453125000000e+03
1.420685999999999922e+03,9.071925781250000000e+03
1.420688499999999976e+03,9.218577148437500000e+03
1.420690900000000056e+03,9.464835937500000000e+03
1.420693400000000111e+03,9.183692382812500000e+03
1.420695799999999963e+03,9.296157226562500000e+03
1.420698200000000043e+03,8.949444335937500000e+03
1.420700700000000097e+03,9.231103515625000000e+03
1.420703099999999949e+03,9.330703125000000000e+03
1.420705600000000004e+03,9.117916015625000000e+03
1.420708000000000084e+03,9.437812500000000000e+03
1.420710399999999936e+03,9.278920898437500000e+03
1.420712899999999991e+03,9.430340820312500000e+03
1.420715300000000070e+03,9.005726562500000000e+03
1.420717799999999897e+03,9.255145507812500000e+03
1.420720199999999977e+03,9.355557617187500000e+03
1.420722700000000032e+03,9.179255859375000000e+03
1.420725100000000111e+03,9.295317382812500000e+03
1.420727499999999964e+03,9.067613281250000000e+03
1.420730000000000018e+03,9.381590820312500000e+03
1.420732400000000098e+03,9.175114257812500000e+03
1.420734899999999925e+03,9.206145507812500000e+03
1.420737300000000005e+03,9.108221679687500000e+03
1.420739700000000084e+03,9.670118164062500000e+03
1.420742199999999912e+03,9.395695312500000000e+03
1.420744599999999991e+03,9.105848632812500000e+03
1.420747100000000046e+03,9.039996093750000000e+03
1.420749499999999898e+03,9.672294921875000000e+03
1.420751999999999953e+03,9.013087890625000000e+03
1.420754400000000032e+03,9.082919921875000000e+03
1.420756800000000112e+03,9.487429687500000000e+03
1.420759299999999939e+03,9.326077148437500000e+03
1.420761700000000019e+03,9.406724609375000000e+03
1.420764200000000073e+03,8.874565429687500000e+03
1.420766599999999926e+03,9.073708984375000000e+03
1.420769000000000005e+03,9.543651367187500000e+03
1.420771500000000060e+03,9.572236328125000000e+03
1.420773899999999912e+03,9.050763671875000000e+03
1.420776399999999967e+03,9.418637695312500000e+03
1.420778800000000047e+03,8.855431640625000000e+03
1.420781199999999899e+03,8.855174804687500000e+03
1.420783699999999953e+03,9.247521484375000000e+03
1.420786100000000033e+03,8.838875976562500000e+03
1.420788600000000088e+03,9.106005859375000000e+03
1.420790999999999940e+03,9.149261718750000000e+03
1.420793499999999995e+03,9.061502929687500000e+03
1.420795900000000074e+03,9.183898437500000000e+03
1.420798299999999927e+03,9.394789062500000000e+03
1.420800799999999981e+03,8.812864257812500000e+03
1.420803200000000061e+03,9.223246093750000000e+03
1.420805699999999888e+03,9.177090820312500000e+03
1.420808099999999968e+03,9.191428710937500000e+03
1.420810500000000047e+03,8.822867187500000000e+03
1.420813000000000102e+03,9.066564453125000000e+03
1.420815399999999954e+03,9.046718750000000000e+03
1.420817900000000009e+03,9.549906250000000000e+03
1.420820300000000088e+03,8.983814453125000000e+03
1.420822799999999916e+03,8.814479492187500000e+03
1.420825199999999995e+03,9.100434570312500000e+03
1.420827600000000075e+03,9.247211914062500000e+03
1.420830099999999902e+03,9.096881835937500000e+03
1.420832499999999982e+03,9.354560546875000000e+03
1.420835000000000036e+03,8.972749023437500000e+03
1.420837399999999889e+03,9.101764648437500000e+03
1.420839799999999968e+03,9.422436523437500000e+03
1.420842300000000023e+03,9.265577148437500000e+03
1.420844700000000103e+03,9.424385742187500000e+03
1.420847199999999930e+03,9.287176757812500000e+03
1.420849600000000009e+03,9.435543945312500000e+03
1.420852100000000064e+03,9.205452148437500000e+03
1.420854499999999916e+03,8.997904296875000000e+03
1.420856899999999996e+03,8.944020507812500000e+03
1.420859400000000051e+03,8.866356445312500000e+03
1.420861799999999903e+03,8.748053710937500000e+03
1.420864299999999957e+03,8.822678710937500000e+03
1.420866700000000037e+03,9.043025390625000000e+03
1.420869099999999889e+03,9.019761718750000000e+03
1.420871599999999944e+03,8.820367187500000000e+03
1.420874000000000024e+03,8.898608398437500000e+03
1.420876500000000078e+03,9.268892578125000000e+03
1.420878899999999931e+03,9.131992187500000000e+03
1.420881300000000010e+03,8.893919921875000000e+03
1.420883800000000065e+03,8.999854492187500000e+03
1.420886199999999917e+03,8.874471679687500000e+03
1.420888699999999972e+03,8.954568359375000000e+03
1.420891100000000051e+03,8.784247070312500000e+03
1.420893600000000106e+03,8.960481445312500000e+03
1.420895999999999958e+03,8.804730468750000000e+03
1.420898400000000038e+03,9.163140625000000000e+03
1.420900900000000092e+03,8.990656250000000000e+03
1.420903299999999945e+03,9.144157226562500000e+03
1.420905799999999999e+03,8.976135742187500000e+03
1.420908200000000079e+03,9.180352539062500000e+03
1.420910599999999931e+03,9.332810546875000000e+03
1.420913099999999986e+03,8.847900390625000000e+03
1.420915500000000065e+03,9.423463867187500000e+03
1.420917999999999893e+03,9.321361328125000000e+03
1.420920399999999972e+03,8.964914062500000000e+03
1.420922900000000027e+03,8.837109375000000000e+03
1.420925300000000107e+03,9.178784179687500000e+03
1.420927699999999959e+03,9.446024414062500000e+03
1.420930200000000013e+03,9.199298828125000000e+03
1.420932600000000093e+03,9.224453125000000000e+03
1.420935099999999920e+03,9.331102539062500000e+03
1.420937500000000000e+03,9.219532226562500000e+03
1.420939900000000080e+03,9.140671875000000000e+03
1.420942399999999907e+03,9.473859375000000000e+03
1.420944799999999987e+03,9.251738281250000000e+03
1.420947300000000041e+03,9.135188476562500000e+03
1.420949699999999893e+03,9.450244140625000000e+03
1.420952099999999973e+03,9.178424804687500000e+03
1.420954600000000028e+03,9.201033203125000000e+03
1.420957000000000107e+03,9.071482421875000000e+03
1.420959499999999935e+03,9.012264648437500000e+03
1.420961900000000014e+03,9.364476562500000000e+03
1.420964400000000069e+03,9.251470703125000000e+03
1.420966799999999921e+03,9.661761718750000000e+03
1.420969200000000001e+03,9.149377929687500000e+03
1.420971700000000055e+03,8.749526367187500000e+03
1.420974099999999908e+03,9.152807617187500000e+03
1.420976599999999962e+03,9.346009765625000000e+03
1.420979000000000042e+03,9.223208984375000000e+03
1.420981399999999894e+03,9.038540039062500000e+03
1.420983899999999949e+03,9.245257812500000000e+03
1.420986300000000028e+03,9.127498046875000000e+03
1.420988800000000083e+03,8.962771484375000000e+03
1.420991199999999935e+03,9.610075195312500000e+03
1.420993699999999990e+03,9.047462890625000000e+03
1.420996100000000069e+03,9.153768554687500000e+03
1.420998499999999922e+03,9.106257812500000000e+03
1.421000999999999976e+03,9.133074218750000000e+03
1.421003400000000056e+03,9.366581054687500000e+03
1.421005900000000111e+03,9.237511718750000000e+03
1.421008299999999963e+03,9.035767578125000000e+03
1.421010700000000043e+03,8.856477539062500000e+03
1.421013200000000097e+03,9.132320312500000000e+03
1.421015599999999949e+03,8.968577148437500000e+03
1.421018100000000004e+03,9.110758789062500000e+03
1.421020500000000084e+03,9.216833984375000000e+03
1.421022899999999936e+03,9.261104492187500000e+03
1.421025399999999991e+03,9.033176757812500000e+03
1.421027800000000070e+03,9.462541015625000000e+03
1.421030299999999897e+03,9.097820312500000000e+03
1.421032699999999977e+03,9.375287109375000000e+03
1.421035200000000032e+03,9.413464843750000000e+03
1.421037600000000111e+03,9.089450195312500000e+03
1.421039999999999964e+03,8.872022460937500000e+03
1.421042500000000018e+03,9.412744140625000000e+03
1.421044900000000098e+03,9.238778320312500000e+03
1.421047399999999925e+03,9.341875976562500000e+03
1.421049800000000005e+03,9.302056640625000000e+03
1.421052200000000084e+03,9.318454101562500000e+03
1.421054699999999912e+03,9.105544921875000000e+03
1.421057099999999991e+03,9.130921875000000000e+03
1.421059600000000046e+03,9.293228515625000000e+03
1.421061999999999898e+03,8.781687500000000000e+03
1.421064499999999953e+03,9.396140625000000000e+03
1.421066900000000032e+03,8.870181640625000000e+03
1.421069300000000112e+03,9.043180664062500000e+03
1.421071799999999939e+03,9.325969726562500000e+03
1.421074200000000019e+03,9.322696289062500000e+03
1.421076700000000073e+03,9.076152343750000000e+03
1.421079099999999926e+03,9.433727539062500000e+03
1.421081500000000005e+03,9.401719726562500000e+03
1.421084000000000060e+03,9.075041015625000000e+03
1.421086399999999912e+03,9.084208984375000000e+03
1.421088899999999967e+03,9.010438476562500000e+03
1.421091300000000047e+03,9.044613281250000000e+03
1.421093800000000101e+03,9.339860351562500000e+03
1.421096199999999953e+03,9.247676757812500000e+03
1.421098600000000033e+03,9.154274414062500000e+03
1.421101100000000088e+03,8.945858398437500000e+03
1.421103499999999940e+03,9.273435546875000000e+03
1.421105999999999995e+03,9.258102539062500000e+03
1.421108400000000074e+03,9.267724609375000000e+03
1.421110799999999927e+03,9.267041992187500000e+03
1.421113299999999981e+03,8.971595703125000000e+03
1.421115700000000061e+03,9.261843750000000000e+03
1.421118199999999888e+03,9.193819335937500000e+03
1.421120599999999968e+03,9.203251953125000000e+03
1.421123000000000047e+03,9.178394531250000000e+03
1.421125500000000102e+03,9.469501953125000000e+03
1.421127899999999954e+03,9.277897460937500000e+03
1.421130400000000009e+03,9.674174804687500000e+03
1.421132800000000088e+03,9.212700195312500000e+03
1.421135299999999916e+03,9.533417968750000000e+03
1.421137699999999995e+03,9.309720703125000000e+03
1.421140100000000075e+03,9.061915039062500000e+03
1.421142599999999902e+03,9.005004882812500000e+03
1.421144999999999982e+03,9.113015625000000000e+03
1.421147500000000036e+03,9.517505859375000000e+03
1.421149899999999889e+03,9.350950195312500000e+03
1.421152299999999968e+03,9.195191406250000000e+03
1.421154800000000023e+03,9.025474609375000000e+03
1.421157200000000103e+03,8.924116210937500000e+03
1.421159699999999930e+03,9.316193359375000000e+03
1.421162100000000009e+03,9.428829101562500000e+03
1.421164600000000064e+03,8.984387695312500000e+03
1.421166999999999916e+03,9.647828125000000000e+03
1.421169399999999996e+03,9.428319335937500000e+03
1.421171900000000051e+03,9.133299804687500000e+03
1.421174299999999903e+03,9.316871093750000000e+03
1.421176799999999957e+03,9.787166992187500000e+03
1.421179200000000037e+03,9.019859375000000000e+03
1.421181599999999889e+03,9.388561523437500000e+03
1.421184099999999944e+03,9.463978515625000000e+03
1.421186500000000024e+03,9.488936523437500000e+03
1.421189000000000078e+03,9.130838867187500000e+03
1.421191399999999931e+03,9.328704101562500000e+03
1.421193800000000010e+03,9.466891601562500000e+03
1.421196300000000065e+03,9.844801757812500000e+03
1.421198699999999917e+03,9.529398437500000000e+03
1.421201199999999972e+03,9.178127929687500000e+03
1.421203600000000051e+03,9.491760742187500000e+03
1.421206100000000106e+03,9.441443359375000000e+03
1.421208499999999958e+03,9.241736328125000000e+03
1.421210900000000038e+03,8.953721679687500000e+03
1.421213400000000092e+03,9.155081054687500000e+03
1.421215799999999945e+03,9.238978515625000000e+03
1.421218299999999999e+03,8.890672851562500000e+03
1.421220700000000079e+03,9.236616210937500000e+03
1.421223099999999931e+03,9.329968750000000000e+03
1.421225599999999986e+03,9.237431640625000000e+03
1.421228000000000065e+03,9.179731445312500000e+03
1.421230499999999893e+03,9.413080078125000000e+03
1.421232899999999972e+03,9.047309570312500000e+03
1.421235400000000027e+03,9.321776367187500000e+03
1.421237800000000107e+03,9.461355468750000000e+03
1.421240199999999959e+03,9.367854492187500000e+03
1.421242700000000013e+03,9.703547851562500000e+03
1.421245100000000093e+03,9.135977539062500000e+03
1.421247599999999920e+03,9.219535156250000000e+03
1.421250000000000000e+03,9.541949218750000000e+03
1.421252400000000080e+03,9.420973632812500000e+03
1.421254899999999907e+03,9.432961914062500000e+03
1.421257299999999987e+03,9.592315429687500000e+03
1.421259800000000041e+03,9.395079101562500000e+03
1.421262199999999893e+03,9.326049804687500000e+03
1.421264599999999973e+03,9.565259765625000000e+03
1.421267100000000028e+03,9.331023437500000000e+03
1.421269500000000107e+03,9.659420898437500000e+03
1.421271999999999935e+03,9.146177734375000000e+03
1.421274400000000014e+03,9.260024414062500000e+03
1.421276900000000069e+03,9.489957031250000000e+03
1.421279299999999921e+03,9.201635742187500000e+03
1.421281700000000001e+03,9.210278320312500000e+03
1.421284200000000055e+03,9.431057617187500000e+03
1.421286599999999908e+03,9.417077148437500000e+03
1.421289099999999962e+03,9.443064453125000000e+03
1.421291500000000042e+03,9.549506835937500000e+03
1.421293899999999894e+03,9.294029296875000000e+03
1.421296399999999949e+03,9.769277343750000000e+03
1.421298800000000028e+03,9.923592773437500000e+03
1.421301300000000083e+03,1.002792578125000000e+04
1.421303699999999935e+03,9.359355468750000000e+03
1.421306199999999990e+03,9.444953125000000000e+03
1.421308600000000069e+03,9.499499023437500000e+03
1.421310999999999922e+03,8.955431640625000000e+03
1.421313499999999976e+03,9.195514648437500000e+03
1.421315900000000056e+03,9.499190429687500000e+03
1.421318400000000111e+03,9.257423828125000000e+03
1.421320799999999963e+03,9.540518554687500000e+03
1.421323200000000043e+03,9.135547851562500000e+03
1.421325700000000097e+03,9.260203125000000000e+03
1.421328099999999949e+03,9.427072265625000000e+03
1.421330600000000004e+03,9.322222656250000000e+03
1.421333000000000084e+03,9.189958007812500000e+03
1.421335399999999936e+03,9.323283203125000000e+03
1.421337899999999991e+03,9.436137695312500000e+03
1.421340300000000070e+03,9.373528320312500000e+03
1.421342799999999897e+03,9.357304687500000000e+03
1.421345199999999977e+03,9.401846679687500000e+03
1.421347700000000032e+03,9.852472656250000000e+03
1.421350100000000111e+03,9.741726562500000000e+03
1.421352499999999964e+03,9.570278320312500000e+03
1.421355000000000018e+03,9.622658203125000000e+03
1.421357400000000098e+03,9.507790039062500000e+03
1.421359899999999925e+03,9.332777343750000000e+03
1.421362300000000005e+03,9.120085937500000000e+03
1.421364700000000084e+03,9.622554687500000000e+03
1.421367199999999912e+03,9.206221679687500000e+03
1.421369599999999991e+03,9.685256835937500000e+03
1.421372100000000046e+03,9.358758789062500000e+03
1.421374499999999898e+03,9.334893554687500000e+03
1.421376999999999953e+03,9.265319335937500000e+03
1.421379400000000032e+03,9.250551757812500000e+03
1.421381800000000112e+03,9.477078125000000000e+03
1.421384299999999939e+03,9.521233398437500000e+03
1.421386700000000019e+03,9.156423828125000000e+03
1.421389200000000073e+03,9.145160156250000000e+03
1.421391599999999926e+03,9.310678710937500000e+03
1.421394000000000005e+03,9.691625976562500000e+03
1.421396500000000060e+03,9.438681640625000000e+03
1.421398899999999912e+03,9.454583984375000000e+03
1.421401399999999967e+03,9.506869140625000000e+03
1.421403800000000047e+03,9.129227539062500000e+03
1.421406199999999899e+03,9.522022460937500000e+03
1.421408699999999953e+03,9.471968750000000000e+03
1.421411100000000033e+03,9.623020507812500000e+03
1.421413600000000088e+03,9.567458984375000000e+03
1.421415999999999940e+03,9.532290039062500000e+03
1.421418499999999995e+03,9.369875976562500000e+03
1.421420900000000074e+03,9.740206054687500000e+03
1.421423299999999927e+03,9.355822265625000000e+03
1.421425799999999981e+03,9.374625976562500000e+03
1.421428200000000061e+03,9.164337890625000000e+03
1.421430699999999888e+03,8.964827148437500000e+03
1.421433099999999968e+03,9.478109375000000000e+03
1.421435500000000047e+03,9.060364257812500000e+03
1.421438000000000102e+03,9.333350585937500000e+03
1.421440399999999954e+03,9.323675781250000000e+03
1.421442900000000009e+03,9.875109375000000000e+03
1.421445300000000088e+03,9.297763671875000000e+03
1.421447799999999916e+03,9.550400390625000000e+03
1.421450199999999995e+03,9.340151367187500000e+03
1.421452600000000075e+03,9.644976562500000000e+03
1.421455099999999902e+03,9.181578125000000000e+03
1.421457499999999982e+03,9.434000976562500000e+03
1.421460000000000036e+03,9.364838867187500000e+03
1.421462399999999889e+03,9.759189453125000000e+03
1.421464799999999968e+03,9.390925781250000000e+03
1.421467300000000023e+03,9.497390625000000000e+03
1.421469700000000103e+03,9.420560546875000000e+03
1.421472199999999930e+03,9.478242187500000000e+03
1.421474600000000009e+03,9.621839843750000000e+03
1.421477100000000064e+03,9.385416015625000000e+03
1.421479499999999916e+03,9.378418945312500000e+03
1.421481899999999996e+03,9.546715820312500000e+03
1.421484400000000051e+03,9.445531250000000000e+03
1.421486799999999903e+03,9.682792968750000000e+03
1.421489299999999957e+03,9.698405273437500000e+03
1.421491700000000037e+03,9.638781250000000000e+03
1.421494099999999889e+03,9.650713867187500000e+03
1.421496599999999944e+03,9.402904296875000000e+03
1.421499000000000024e+03,9.512126953125000000e+03
1.421501500000000078e+03,9.706184570312500000e+03
1.421503899999999931e+03,9.754885742187500000e+03
1.421506300000000010e+03,9.568964843750000000e+03
1.421508800000000065e+03,9.466616210937500000e+03
1.421511199999999917e+03,9.508335937500000000e+03
1.421513699999999972e+03,9.819007812500000000e+03
1.421516100000000051e+03,9.489584960937500000e+03
1.421518600000000106e+03,9.590111328125000000e+03
1.421520999999999958e+03,9.592878906250000000e+03
1.421523400000000038e+03,9.664800781250000000e+03
1.421525900000000092e+03,9.329014648437500000e+03
1.421528299999999945e+03,9.318201171875000000e+03
1.421530799999999999e+03,9.628395507812500000e+03
1.421533200000000079e+03,9.713041015625000000e+03
1.421535599999999931e+03,9.831167968750000000e+03
1.421538099999999986e+03,9.797598632812500000e+03
1.421540500000000065e+03,9.573763671875000000e+03
1.421542999999999893e+03,9.562091796875000000e+03
1.421545399999999972e+03,9.445815429687500000e+03
1.421547900000000027e+03,9.569503906250000000e+03
1.421550300000000107e+03,9.566301757812500000e+03
1.421552699999999959e+03,9.540377929687500000e+03
1.421555200000000013e+03,9.367752929687500000e+03
1.421557600000000093e+03,9.353860351562500000e+03
1.421560099999999920e+03,9.445613281250000000e+03
1.421562500000000000e+03,9.605184570312500000e+03
1.421564900000000080e+03,9.760713867187500000e+03
1.421567399999999907e+03,9.545918945312500000e+03
1.421569799999999987e+03,9.611976562500000000e+03
1.421572300000000041e+03,9.748476562500000000e+03
1.421574699999999893e+03,9.303021484375000000e+03
1.421577099999999973e+03,9.558513671875000000e+03
1.421579600000000028e+03,9.415221679687500000e+03
1.421582000000000107e+03,9.723809570312500000e+03
1.421584499999999935e+03,9.425979492187500000e+03
1.421586900000000014e+03,9.268167968750000000e+03
1.421589400000000069e+03,9.313146484375000000e+03
1.421591799999999921e+03,9.414650390625000000e+03
1.421594200000000001e+03,9.602062500000000000e+03
1.421596700000000055e+03,9.561194335937500000e+03
1.421599099999999908e+03,9.399160156250000000e+03
1.421601599999999962e+03,9.517652343750000000e+03
1.421604000000000042e+03,9.772070312500000000e+03
1.421606399999999894e+03,9.453416992187500000e+03
1.421608899999999949e+03,9.493864257812500000e+03
1.421611300000000028e+03,9.858864257812500000e+03
1.421613800000000083e+03,9.778114257812500000e+03
1.421616199999999935e+03,9.669551757812500000e+03
1.421618699999999990e+03,9.791541015625000000e+03
1.421621100000000069e+03,9.563196289062500000e+03
1.421623499999999922e+03,9.442555664062500000e+03
1.421625999999999976e+03,1.002626660156250000e+04
1.421628400000000056e+03,1.009631933593750000e+04
1.421630900000000111e+03,9.579212890625000000e+03
1.421633299999999963e+03,9.796406250000000000e+03
1.421635700000000043e+03,9.574513671875000000e+03
1.421638200000000097e+03,9.751462890625000000e+03
1.421640599999999949e+03,9.428044921875000000e+03
1.421643100000000004e+03,9.580196289062500000e+03
1.421645500000000084e+03,9.557536132812500000e+03
1.421647899999999936e+03,9.905297851562500000e+03
1.421650399999999991e+03,9.658691406250000000e+03
1.421652800000000070e+03,9.534290039062500000e+03
1.421655299999999897e+03,9.350885742187500000e+03
1.421657699999999977e+03,9.737846679687500000e+03
1.421660200000000032e+03,9.985708984375000000e+03
1.421662600000000111e+03,9.263403320312500000e+03
1.421664999999999964e+03,9.826727539062500000e+03
1.421667500000000018e+03,9.198199218750000000e+03
1.421669900000000098e+03,9.756333984375000000e+03
1.421672399999999925e+03,9.667593750000000000e+03
1.421674800000000005e+03,9.573509765625000000e+03
1.421677200000000084e+03,9.541708007812500000e+03
1.421679699999999912e+03,9.731517578125000000e+03
1.421682099999999991e+03,9.489370117187500000e+03
1.421684600000000046e+03,9.812730468750000000e+03
1.421686999999999898e+03,9.533991210937500000e+03
1.421689499999999953e+03,1.000008593750000000e+04
1.421691900000000032e+03,9.584157226562500000e+03
1.421694300000000112e+03,9.708571289062500000e+03
1.421696799999999939e+03,9.683094726562500000e+03
1.421699200000000019e+03,9.560983398437500000e+03
1.421701700000000073e+03,9.478583984375000000e+03
1.421704099999999926e+03,9.816658203125000000e+03
1.421706500000000005e+03,9.389458007812500000e+03
1.421709000000000060e+03,9.528235351562500000e+03
1.421711399999999912e+03,9.970294921875000000e+03
1.421713899999999967e+03,9.441008789062500000e+03
1.421716300000000047e+03,9.874277343750000000e+03
1.421718800000000101e+03,9.854569335937500000e+03
1.421721199999999953e+03,9.727156250000000000e+03
1.421723600000000033e+03,9.665266601562500000e+03
1.421726100000000088e+03,9.686869140625000000e+03
1.421728499999999940e+03,9.978462890625000000e+03
1.421730999999999995e+03,9.767956054687500000e+03
1.421733400000000074e+03,9.622278320312500000e+03
1.421735799999999927e+03,9.594657226562500000e+03
1.421738299999999981e+03,9.762686523437500000e+03
1.421740700000000061e+03,9.541809570312500000e+03
1.421743199999999888e+03,9.592583007812500000e+03
1.421745599999999968e+03,9.129622070312500000e+03
1.421748000000000047e+03,9.359020507812500000e+03
1.421750500000000102e+03,9.696507812500000000e+03
1.421752899999999954e+03,9.517229492187500000e+03
1.421755400000000009e+03,9.901644531250000000e+03
1.421757800000000088e+03,9.667297851562500000e+03
1.421760299999999916e+03,9.274880859375000000e+03
1.421762699999999995e+03,9.683121093750000000e+03
1.421765100000000075e+03,9.418241210937500000e+03
1.421767599999999902e+03,9.450201171875000000e+03
1.421769999999999982e+03,9.437681640625000000e+03
1.421772500000000036e+03,9.728441406250000000e+03
1.421774899999999889e+03,9.894971679687500000e+03
1.421777299999999968e+03,9.724919921875000000e+03
1.421779800000000023e+03,9.621639648437500000e+03
1.421782200000000103e+03,9.589843750000000000e+03
1.421784699999999930e+03,9.852147460937500000e+03
1.421787100000000009e+03,9.589959960937500000e+03
1.421789600000000064e+03,9.968625976562500000e+03
1.421791999999999916e+03,9.646591796875000000e+03
1.421794399999999996e+03,9.634344726562500000e+03
1.421796900000000051e+03,9.781700195312500000e+03
1.421799299999999903e+03,9.675141601562500000e+03
1.421801799999999957e+03,9.661093750000000000e+03
1.421804200000000037e+03,9.756503906250000000e+03
1.421806599999999889e+03,9.529077148437500000e+03
1.421809099999999944e+03,9.587101562500000000e+03
1.421811500000000024e+03,9.620869140625000000e+03
1.421814000000000078e+03,1.009496386718750000e+04
1.421816399999999931e+03,9.924765625000000000e+03
1.421818800000000010e+03,9.744757812500000000e+03
1.421821300000000065e+03,9.345890625000000000e+03
1.421823699999999917e+03,9.690686523437500000e+03
1.421826199999999972e+03,9.737409179687500000e+03
1.421828600000000051e+03,9.604086914062500000e+03
1.421831100000000106e+03,9.843275390625000000e+03
1.421833499999999958e+03,1.009825292968750000e+04
1.421835900000000038e+03,9.716760742187500000e+03
1.421838400000000092e+03,9.718773437500000000e+03
1.421840799999999945e+03,9.637274414062500000e+03
1.421843299999999999e+03,9.404137695312500000e+03
1.421845700000000079e+03,9.625045898437500000e+03
1.421848099999999931e+03,9.648483398437500000e+03
1.421850599999999986e+03,1.016195898437500000e+04
1.421853000000000065e+03,9.591447265625000000e+03
1.421855499999999893e+03,9.822522460937500000e+03
1.421857899999999972e+03,9.665130859375000000e+03
1.421860400000000027e+03,1.014234570312500000e+04
1.421862800000000107e+03,9.902114257812500000e+03
1.421865199999999959e+03,9.575304687500000000e+03
1.421867700000000013e+03,9.719541015625000000e+03
1.421870100000000093e+03,9.593163085937500000e+03
1.421872599999999920e+03,9.576525390625000000e+03
1.421875000000000000e+03,9.860892578125000000e+03
1.421877400000000080e+03,9.851570312500000000e+03
1.421879899999999907e+03,9.603337890625000000e+03
1.421882299999999987e+03,9.697078125000000000e+03
1.421884800000000041e+03,9.451385742187500000e+03
1.421887199999999893e+03,9.894450195312500000e+03
1.421889599999999973e+03,9.890171875000000000e+03
1.421892100000000028e+03,1.036169726562500000e+04
1.421894500000000107e+03,9.664741210937500000e+03
1.421896999999999935e+03,1.000648437500000000e+04
1.421899400000000014e+03,9.996413085937500000e+03
1.421901900000000069e+03,9.710307617187500000e+03
1.421904299999999921e+03,9.811684570312500000e+03
1.421906700000000001e+03,9.764006835937500000e+03
1.421909200000000055e+03,9.607587890625000000e+03
1.421911599999999908e+03,9.775821289062500000e+03
1.421914099999999962e+03,9.822795898437500000e+03
1.421916500000000042e+03,9.510101562500000000e+03
1.421918899999999894e+03,9.704031250000000000e+03
1.421921399999999949e+03,9.842104492187500000e+03
1.421923800000000028e+03,9.808379882812500000e+03
1.421926300000000083e+03,9.940727539062500000e+03
1.421928699999999935e+03,9.710139648437500000e+03
1.421931199999999990e+03,9.599869140625000000e+03
1.421933600000000069e+03,9.692822265625000000e+03
1.421935999999999922e+03,9.599661132812500000e+03
1.421938499999999976e+03,9.612024414062500000e+03
1.421940900000000056e+03,1.017185058593750000e+04
1.421943400000000111e+03,9.874998046875000000e+03
1.421945799999999963e+03,1.003504589843750000e+04
1.421948200000000043e+03,1.006732812500000000e+04
1.421950700000000097e+03,9.769329101562500000e+03
1.421953099999999949e+03,9.561278320312500000e+03
1.421955600000000004e+03,1.000443945312500000e+04
1.421958000000000084e+03,1.025551464843750000e+04
1.421960399999999936e+03,1.000263476562500000e+04
1.421962899999999991e+03,9.921800781250000000e+03
1.421965300000000070e+03,9.656142578125000000e+03
1.421967799999999897e+03,9.651115234375000000e+03
1.421970199999999977e+03,9.945387695312500000e+03
1.421972700000000032e+03,9.539210937500000000e+03
1.421975100000000111e+03,9.878954101562500000e+03
1.421977499999999964e+03,9.845142578125000000e+03
1.421980000000000018e+03,1.025660156250000000e+04
1.421982400000000098e+03,9.785338867187500000e+03
1.421984899999999925e+03,9.845751953125000000e+03
1.421987300000000005e+03,1.003352636718750000e+04
1.421989700000000084e+03,9.893678710937500000e+03
1.421992199999999912e+03,1.020450683593750000e+04
1.421994599999999991e+03,9.817012695312500000e+03
1.421997100000000046e+03,1.005958203125000000e+04
1.421999499999999898e+03,9.720632812500000000e+03
1.422001999999999953e+03,9.908241210937500000e+03
1.422004400000000032e+03,9.846878906250000000e+03
1.422006800000000112e+03,9.792306640625000000e+03
1.422009299999999939e+03,9.928499023437500000e+03
1.422011700000000019e+03,9.596940429687500000e+03
1.422014200000000073e+03,9.688028320312500000e+03
1.422016599999999926e+03,9.926337890625000000e+03
1.422019000000000005e+03,9.860089843750000000e+03
1.422021500000000060e+03,9.722789062500000000e+03
1.422023899999999912e+03,1.010366113281250000e+04
1.422026399999999967e+03,1.005554980468750000e+04
1.422028800000000047e+03,9.695718750000000000e+03
1.422031199999999899e+03,1.027505273437500000e+04
1.422033699999999953e+03,9.663984375000000000e+03
1.422036100000000033e+03,1.014864257812500000e+04
1.422038600000000088e+03,1.010041796875000000e+04
1.422040999999999940e+03,9.796892578125000000e+03
1.422043499999999995e+03,9.665411132812500000e+03
1.422045900000000074e+03,9.840606445312500000e+03
1.422048299999999927e+03,9.985333007812500000e+03
1.422050799999999981e+03,9.909319335937500000e+03
1.422053200000000061e+03,9.982671875000000000e+03
1.422055699999999888e+03,9.629657226562500000e+03
1.422058099999999968e+03,1.012338281250000000e+04
1.422060500000000047e+03,9.848236328125000000e+03
1.422063000000000102e+03,1.001591601562500000e+04
1.422065399999999954e+03,9.883649414062500000e+03
1.422067900000000009e+03,1.000344531250000000e+04
1.422070300000000088e+03,9.848915039062500000e+03
1.422072799999999916e+03,9.611022460937500000e+03
1.422075199999999995e+03,9.909785156250000000e+03
1.422077600000000075e+03,9.742822265625000000e+03
1.422080099999999902e+03,9.873414062500000000e+03
1.422082499999999982e+03,9.760099609375000000e+03
1.422085000000000036e+03,1.000883203125000000e+04
1.422087399999999889e+03,1.023627246093750000e+04
1.422089799999999968e+03,9.775054687500000000e+03
1.422092300000000023e+03,1.012348437500000000e+04
1.422094700000000103e+03,1.030404296875000000e+04
1.422097199999999930e+03,9.978565429687500000e+03
1.422099600000000009e+03,1.001171386718750000e+04
1.422102100000000064e+03,1.020553515625000000e+04
1.422104499999999916e+03,1.016759667968750000e+04
1.422106899999999996e+03,9.965019531250000000e+03
1.422109400000000051e+03,9.691761718750000000e+03
1.422111799999999903e+03,9.875709960937500000e+03
1.422114299999999957e+03,9.950500000000000000e+03
1.422116700000000037e+03,1.032605957031250000e+04
1.422119099999999889e+03,9.645809570312500000e+03
1.422121599999999944e+03,1.004371386718750000e+04
1.422124000000000024e+03,9.646114257812500000e+03
1.422126500000000078e+03,9.571987304687500000e+03
1.422128899999999931e+03,9.682982421875000000e+03
1.422131300000000010e+03,1.015237304687500000e+04
1.422133800000000065e+03,1.013080078125000000e+04
1.422136199999999917e+03,9.816709960937500000e+03
1.422138699999999972e+03,9.747288085937500000e+03
1.422141100000000051e+03,1.015774511718750000e+04
1.422143600000000106e+03,1.039299414062500000e+04
1.422145999999999958e+03,9.559141601562500000e+03
1.422148400000000038e+03,9.992026367187500000e+03
1.422150900000000092e+03,9.906126953125000000e+03
1.422153299999999945e+03,1.012486718750000000e+04
1.422155799999999999e+03,1.025038671875000000e+04
1.422158200000000079e+03,9.921406250000000000e+03
1.422160599999999931e+03,9.722814453125000000e+03
1.422163099999999986e+03,9.832371093750000000e+03
1.422165500000000065e+03,1.009289355468750000e+04
1.422167999999999893e+03,9.921823242187500000e+03
1.422170399999999972e+03,9.690981445312500000e+03
1.422172900000000027e+03,9.949686523437500000e+03
1.422175300000000107e+03,9.806775390625000000e+03
1.422177699999999959e+03,9.692709960937500000e+03
1.422180200000000013e+03,9.985681640625000000e+03
1.422182600000000093e+03,1.010666015625000000e+04
1.422185099999999920e+03,1.008370019531250000e+04
1.422187500000000000e+03,9.832864257812500000e+03
1.422189900000000080e+03,9.966156250000000000e+03
1.422192399999999907e+03,1.000662304687500000e+04
1.422194799999999987e+03,9.984877929687500000e+03
1.422197300000000041e+03,1.010155761718750000e+04
1.422199699999999893e+03,1.005018359375000000e+04
1.422202099999999973e+03,9.756023437500000000e+03
1.422204600000000028e+03,9.923341796875000000e+03
1.422207000000000107e+03,9.971000976562500000e+03
1.422209499999999935e+03,1.030585253906250000e+04
1.422211900000000014e+03,1.010918945312500000e+04
1.422214400000000069e+03,9.775113281250000000e+03
1.422216799999999921e+03,9.974574218750000000e+03
1.422219200000000001e+03,9.912662109375000000e+03
1.422221700000000055e+03,9.881814453125000000e+03
1.422224099999999908e+03,1.016367578125000000e+04
1.422226599999999962e+03,1.022246484375000000e+04
1.422229000000000042e+03,1.019809570312500000e+04
1.422231399999999894e+03,1.039627636718750000e+04
1.422233899999999949e+03,9.916570312500000000e+03
1.422236300000000028e+03,1.006362304687500000e+04
1.422238800000000083e+03,1.009687890625000000e+04
1.422241199999999935e+03,9.851189453125000000e+03
1.422243699999999990e+03,1.011404394531250000e+04
1.422246100000000069e+03,1.002760449218750000e+04
1.422248499999999922e+03,1.005444238281250000e+04
1.422250999999999976e+03,9.437160156250000000e+03
1.422253400000000056e+03,9.670941406250000000e+03
1.422255900000000111e+03,9.859410156250000000e+03
1.422258299999999963e+03,9.893097656250000000e+03
1.422260700000000043e+03,1.016472656250000000e+04
1.422263200000000097e+03,1.024414062500000000e+04
1.422265599999999949e+03,9.742795898437500000e+03
1.422268100000000004e+03,9.988840820312500000e+03
1.422270500000000084e+03,9.808649414062500000e+03
1.422272899999999936e+03,9.828222656250000000e+03
1.422275399999999991e+03,1.006576464843750000e+04
1.422277800000000070e+03,9.984624023437500000e+03
1.422280299999999897e+03,9.900677734375000000e+03
1.422282699999999977e+03,1.011783789062500000e+04
1.422285200000000032e+03,9.974426757812500000e+03
1.422287600000000111e+03,9.986841796875000000e+03
1.422289999999999964e+03,9.862241210937500000e+03
1.422292500000000018e+03,9.782404296875000000e+03
1.422294900000000098e+03,1.033800097656250000e+04
1.422297399999999925e+03,9.605417968750000000e+03
1.422299800000000005e+03,1.018792285156250000e+04
1.422302200000000084e+03,1.025498437500000000e+04
1.422304699999999912e+03,9.786685546875000000e+03
1.422307099999999991e+03,9.975663085937500000e+03
1.422309600000000046e+03,1.024054296875000000e+04
1.422311999999999898e+03,1.004715136718750000e+04
1.422314499999999953e+03,9.810967773437500000e+03
1.422316900000000032e+03,9.618625976562500000e+03
1.422319300000000112e+03,1.041900585937500000e+04
1.422321799999999939e+03,1.000991308593750000e+04
1.422324200000000019e+03,1.019692578125000000e+04
1.422326700000000073e+03,9.918047851562500000e+03
1.422329099999999926e+03,1.001077832031250000e+04
1.422331500000000005e+03,1.010652929687500000e+04
1.422334000000000060e+03,1.027807031250000000e+04
1.422336399999999912e+03,1.019304101562500000e+04
1.422338899999999967e+03,1.019325488281250000e+04
1.422341300000000047e+03,9.831712890625000000e+03
1.422343800000000101e+03,1.014511816406250000e+04
1.422346199999999953e+03,9.649007812500000000e+03
1.422348600000000033e+03,9.778878906250000000e+03
1.422351100000000088e+03,1.023784082031250000e+04
1.422353499999999940e+03,1.004403613281250000e+04
1.422355999999999995e+03,9.805249023437500000e+03
1.422358400000000074e+03,1.054654101562500000e+04
1.422360799999999927e+03,1.018387988281250000e+04
1.422363299999999981e+03,1.030859375000000000e+04
1.422365700000000061e+03,9.997127929687500000e+03
1.422368199999999888e+03,1.009811914062500000e+04
1.422370599999999968e+03,1.032413281250000000e+04
1.422373000000000047e+03,9.798523437500000000e+03
1.422375500000000102e+03,1.012688085937500000e+04
1.422377899999999954e+03,9.704064453125000000e+03
1.422380400000000009e+03,1.017852832031250000e+04
1.422382800000000088e+03,9.912828125000000000e+03
1.422385299999999916e+03,1.022351953125000000e+04
1.422387699999999995e+03,1.020390917968750000e+04
1.422390100000000075e+03,1.003749218750000000e+04
1.422392599999999902e+03,1.015029394531250000e+04
1.422394999999999982e+03,9.977702148437500000e+03
1.422397500000000036e+03,9.956719726562500000e+03
1.422399899999999889e+03,9.526912109375000000e+03
1.422402299999999968e+03,9.678343750000000000e+03
1.422404800000000023e+03,9.876564453125000000e+03
1.422407200000000103e+03,9.691816406250000000e+03
1.422409699999999930e+03,9.817158203125000000e+03
1.422412100000000009e+03,9.958195312500000000e+03
1.422414600000000064e+03,9.715502929687500000e+03
1.422416999999999916e+03,9.833754882812500000e+03
1.422419399999999996e+03,1.027516992187500000e+04
1.422421900000000051e+03,1.019536230468750000e+04
1.422424299999999903e+03,1.020517871093750000e+04
1.422426799999999957e+03,1.000435351562500000e+04
1.422429200000000037e+03,1.005003808593750000e+04
1.422431599999999889e+03,1.012591015625000000e+04
1.422434099999999944e+03,9.849119140625000000e+03
1.422436500000000024e+03,9.883022460937500000e+03
1.422439000000000078e+03,9.911730468750000000e+03
1.422441399999999931e+03,1.001816699218750000e+04
1.422443800000000010e+03,1.029574511718750000e+04
1.422446300000000065e+03,9.639621093750000000e+03
1.422448699999999917e+03,9.864540039062500000e+03
1.422451199999999972e+03,9.933377929687500000e+03
1.422453600000000051e+03,9.945079101562500000e+03
1.422456100000000106e+03,9.933763671875000000e+03
1.422458499999999958e+03,9.921125000000000000e+03
1.422460900000000038e+03,9.749639648437500000e+03
1.422463400000000092e+03,9.760940429687500000e+03
1.422465799999999945e+03,1.028156152343750000e+04
1.422468299999999999e+03,9.925957031250000000e+03
1.422470700000000079e+03,9.858234375000000000e+03
1.422473099999999931e+03,9.947999023437500000e+03
1.422475599999999986e+03,9.766671875000000000e+03
1.422478000000000065e+03,9.969607421875000000e+03
1.422480499999999893e+03,9.681235351562500000e+03
1.422482899999999972e+03,1.032579101562500000e+04
1.422485400000000027e+03,9.636432617187500000e+03
1.422487800000000107e+03,9.749571289062500000e+03
1.422490199999999959e+03,1.014379882812500000e+04
1.422492700000000013e+03,1.056022460937500000e+04
1.422495100000000093e+03,9.977311523437500000e+03
1.422497599999999920e+03,1.000049902343750000e+04
1.422500000000000000e+03,1.025096875000000000e+04
1.422502400000000080e+03,9.790232421875000000e+03
1.422504899999999907e+03,1.030345996093750000e+04
1.422507299999999987e+03,9.864996093750000000e+03
1.422509800000000041e+03,1.004566992187500000e+04
1.422512199999999893e+03,1.015373339843750000e+04
1.422514599999999973e+03,1.010818945312500000e+04
1.422517100000000028e+03,9.945015625000000000e+03
1.422519500000000107e+03,1.021767089843750000e+04
1.422521999999999935e+03,1.035342089843750000e+04
1.422524400000000014e+03,1.000779199218750000e+04
1.422526900000000069e+03,9.616866210937500000e+03
1.422529299999999921e+03,9.670892578125000000e+03
1.422531700000000001e+03,9.986924804687500000e+03
1.422534200000000055e+03,9.927735351562500000e+03
1.422536599999999908e+03,1.023679394531250000e+04
1.422539099999999962e+03,9.690898437500000000e+03
1.422541500000000042e+03,1.010693945312500000e+04
1.422543899999999894e+03,1.003096386718750000e+04
1.422546399999999949e+03,1.021805566406250000e+04
1.422548800000000028e+03,1.009221875000000000e+04
1.422551300000000083e+03,1.011560839843750000e+04
1.422553699999999935e+03,1.027586425781250000e+04
1.422556199999999990e+03,1.012799902343750000e+04
1.422558600000000069e+03,1.018362597656250000e+04
1.422560999999999922e+03,1.059267578125000000e+04
1.422563499999999976e+03,9.730201171875000000e+03
1.422565900000000056e+03,1.021297460937500000e+04
1.422568400000000111e+03,9.981199218750000000e+03
1.422570799999999963e+03,1.005879296875000000e+04
1.422573200000000043e+03,9.494246093750000000e+03
1.422575700000000097e+03,1.034931933593750000e+04
1.422578099999999949e+03,1.001015527343750000e+04
1.422580600000000004e+03,1.059816210937500000e+04
1.422583000000000084e+03,9.891000000000000000e+03
1.422585399999999936e+03,1.022269628906250000e+04
1.422587899999999991e+03,1.015042285156250000e+04
1.422590300000000070e+03,9.906908203125000000e+03
1.422592799999999897e+03,9.988854492187500000e+03
1.422595199999999977e+03,1.016360253906250000e+04
1.422597700000000032e+03,9.726932617187500000e+03
1.422600100000000111e+03,1.028334179687500000e+04
1.422602499999999964e+03,9.777013671875000000e+03
1.422605000000000018e+03,1.002091894531250000e+04
1.422607400000000098e+03,9.985316406250000000e+03
1.422609899999999925e+03,1.015486425781250000e+04
1.422612300000000005e+03,1.025406738281250000e+04
1.422614700000000084e+03,1.012035253906250000e+04
1.422617199999999912e+03,1.027135156250000000e+04
1.422619599999999991e+03,9.835168945312500000e+03
1.422622100000000046e+03,1.001015527343750000e+04
1.422624499999999898e+03,9.900363281250000000e+03
1.422626999999999953e+03,9.656867187500000000e+03
1.422629400000000032e+03,9.805195312500000000e+03
1.422631800000000112e+03,9.751766601562500000e+03
1.422634299999999939e+03,9.849360351562500000e+03
1.422636700000000019e+03,1.023583300781250000e+04
1.422639200000000073e+03,1.010307910156250000e+04
1.422641599999999926e+03,9.733988281250000000e+03
1.422644000000000005e+03,1.008715332031250000e+04
1.422646500000000060e+03,9.778404296875000000e+03
1.422648899999999912e+03,1.011214550781250000e+04
1.422651399999999967e+03,9.951893554687500000e+03
1.422653800000000047e+03,1.003353613281250000e+04
1.422656199999999899e+03,1.023427246093750000e+04
1.422658699999999953e+03,1.026815136718750000e+04
1.422661100000000033e+03,9.913738281250000000e+03
1.422663600000000088e+03,9.880404296875000000e+03
1.422665999999999940e+03,9.707270507812500000e+03
1.422668499999999995e+03,1.006543847656250000e+04
1.422670900000000074e+03,9.814987304687500000e+03
1.422673299999999927e+03,1.006122851562500000e+04
1.422675799999999981e+03,1.036011914062500000e+04
1.422678200000000061e+03,1.026001855468750000e+04
1.422680699999999888e+03,1.002549414062500000e+04
1.422683099999999968e+03,9.892597656250000000e+03
1.422685500000000047e+03,1.020861328125000000e+04
1.422688000000000102e+03,1.008827734375000000e+04
1.422690399999999954e+03,9.859019531250000000e+03
1.422692900000000009e+03,9.867969726562500000e+03
1.422695300000000088e+03,1.012213574218750000e+04
1.422697799999999916e+03,1.007044238281250000e+04
1.422700199999999995e+03,1.001389062500000000e+04
1.422702600000000075e+03,1.013207714843750000e+04
1.422705099999999902e+03,9.985861328125000000e+03
1.422707499999999982e+03,1.023322753906250000e+04
1.422710000000000036e+03,9.756484375000000000e+03
1.422712399999999889e+03,1.067574707031250000e+04
1.422714799999999968e+03,1.000547656250000000e+04
1.422717300000000023e+03,1.014017968750000000e+04
1.422719700000000103e+03,9.913880859375000000e+03
1.422722199999999930e+03,9.825261718750000000e+03
1.422724600000000009e+03,9.927868164062500000e+03
1.422727100000000064e+03,1.007480859375000000e+04
1.422729499999999916e+03,9.976506835937500000e+03
1.422731899999999996e+03,1.021239257812500000e+04
1.422734400000000051e+03,1.013233593750000000e+04
1.422736799999999903e+03,1.026753515625000000e+04
1.422739299999999957e+03,1.019209570312500000e+04
1.422741700000000037e+03,1.031922460937500000e+04
1.422744099999999889e+03,9.904636718750000000e+03
1.422746599999999944e+03,1.029338085937500000e+04
1.422749000000000024e+03,1.019829980468750000e+04
1.422751500000000078e+03,1.015642871093750000e+04
1.422753899999999931e+03,1.020834570312500000e+04
1.422756300000000010e+03,1.026796777343750000e+04
1.422758800000000065e+03,1.009648437500000000e+04
1.422761199999999917e+03,9.917097656250000000e+03
1.422763699999999972e+03,1.026592089843750000e+04
1.422766100000000051e+03,1.022553125000000000e+04
1.422768600000000106e+03,9.988822265625000000e+03
1.422770999999999958e+03,1.009112500000000000e+04
1.422773400000000038e+03,9.930490234375000000e+03
1.422775900000000092e+03,9.882840820312500000e+03
1.422778299999999945e+03,1.018649609375000000e+04
1.422780799999999999e+03,9.976090820312500000e+03
1.422783200000000079e+03,1.035667578125000000e+04
1.422785599999999931e+03,1.014941894531250000e+04
1.422788099999999986e+03,9.901087890625000000e+03
1.422790500000000065e+03,1.023029199218750000e+04
1.422792999999999893e+03,1.051594824218750000e+04
1.422795399999999972e+03,1.017280078125000000e+04
1.422797900000000027e+03,1.009656250000000000e+04
1.422800300000000107e+03,1.033500195312500000e+04
1.422802699999999959e+03,1.019415234375000000e+04
1.422805200000000013e+03,1.020556250000000000e+04
1.422807600000000093e+03,1.014441796875000000e+04
1.422810099999999920e+03,1.029787011718750000e+04
1.422812500000000000e+03,1.017901464843750000e+04
1.422814900000000080e+03,9.881163085937500000e+03
1.422817399999999907e+03,1.008253125000000000e+04
1.422819799999999987e+03,9.815453125000000000e+03
1.422822300000000041e+03,1.008376757812500000e+04
1.422824699999999893e+03,1.006754882812500000e+04
1.422827099999999973e+03,1.014469726562500000e+04
1.422829600000000028e+03,9.993233398437500000e+03
1.422832000000000107e+03,9.957022460937500000e+03
1.422834499999999935e+03,9.686351562500000000e+03
1.422836900000000014e+03,1.027875000000000000e+04
1.422839400000000069e+03,1.028372851562500000e+04
1.422841799999999921e+03,1.042827636718750000e+04
1.422844200000000001e+03,1.059527148437500000e+04
1.422846700000000055e+03,1.022898339843750000e+04
1.422849099999999908e+03,9.960039062500000000e+03
1.422851599999999962e+03,1.022197656250000000e+04
1.422854000000000042e+03,1.025864453125000000e+04
1.422856399999999894e+03,9.847050781250000000e+03
1.422858899999999949e+03,1.004039941406250000e+04
1.422861300000000028e+03,9.926864257812500000e+03
1.422863800000000083e+03,9.904620117187500000e+03
1.422866199999999935e+03,1.045471582031250000e+04
1.422868699999999990e+03,1.041505566406250000e+04
1.422871100000000069e+03,1.017848828125000000e+04
1.422873499999999922e+03,1.004484082031250000e+04
1.422875999999999976e+03,1.034658007812500000e+04
1.422878400000000056e+03,1.008909863281250000e+04
1.422880900000000111e+03,9.965735351562500000e+03
1.422883299999999963e+03,1.035036816406250000e+04
1.422885700000000043e+03,1.023438378906250000e+04
1.422888200000000097e+03,9.887958984375000000e+03
1.422890599999999949e+03,9.689495117187500000e+03
1.422893100000000004e+03,1.025093554687500000e+04
1.422895500000000084e+03,1.009833398437500000e+04
1.422897899999999936e+03,1.019997753906250000e+04
1.422900399999999991e+03,1.003969824218750000e+04
1.422902800000000070e+03,1.026644042968750000e+04
1.422905299999999897e+03,9.833172851562500000e+03
1.422907699999999977e+03,1.011284570312500000e+04
1.422910200000000032e+03,1.006066503906250000e+04
1.422912600000000111e+03,9.563839843750000000e+03
1.422914999999999964e+03,9.762436523437500000e+03
1.422917500000000018e+03,9.802575195312500000e+03
1.422919900000000098e+03,9.827185546875000000e+03
1.422922399999999925e+03,1.007522460937500000e+04
1.422924800000000005e+03,1.007707812500000000e+04
1.422927200000000084e+03,1.002651269531250000e+04
1.422929699999999912e+03,9.827223632812500000e+03
1.422932099999999991e+03,9.833532226562500000e+03
1.422934600000000046e+03,1.004610644531250000e+04
1.422936999999999898e+03,9.815675781250000000e+03
1.422939499999999953e+03,9.861946289062500000e+03
1.422941900000000032e+03,1.006977246093750000e+04
1.422944300000000112e+03,1.012395605468750000e+04
1.422946799999999939e+03,1.038188378906250000e+04
1.422949200000000019e+03,1.007044921875000000e+04
1.422951700000000073e+03,9.810806640625000000e+03
1.422954099999999926e+03,9.921740234375000000e+03
1.422956500000000005e+03,1.047096582031250000e+04
1.422959000000000060e+03,1.033093847656250000e+04
1.422961399999999912e+03,1.018926171875000000e+04
1.422963899999999967e+03,1.008643945312500000e+04
1.422966300000000047e+03,1.036102343750000000e+04
1.422968800000000101e+03,9.738156250000000000e+03
1.422971199999999953e+03,1.018474804687500000e+04
1.422973600000000033e+03,1.030282324218750000e+04
1.422976100000000088e+03,1.013909375000000000e+04
1.422978499999999940e+03,9.978536132812500000e+03
1.422980999999999995e+03,1.027087402343750000e+04
1.422983400000000074e+03,1.036328417968750000e+04
1.422985799999999927e+03,1.034145117187500000e+04
1.422988299999999981e+03,1.019088574218750000e+04
1.422990700000000061e+03,1.012875488281250000e+04
1.422993199999999888e+03,1.025496582031250000e+04
1.422995599999999968e+03,1.020877539062500000e+04
1.422998000000000047e+03,9.756989257812500000e+03
1.423000500000000102e+03,9.993813476562500000e+03
1.423002899999999954e+03,1.020780175781250000e+04
1.423005400000000009e+03,1.007950292968750000e+04
1.423007800000000088e+03,9.788936523437500000e+03
1.423010299999999916e+03,1.003195019531250000e+04
1.423012699999999995e+03,1.008579589843750000e+04
1.423015100000000075e+03,1.030332812500000000e+04
1.423017599999999902e+03,1.010986523437500000e+04
1.423019999999999982e+03,9.881497070312500000e+03
1.423022500000000036e+03,1.017831640625000000e+04
1.423024899999999889e+03,1.029727343750000000e+04
1.423027299999999968e+03,1.008928515625000000e+04
1.423029800000000023e+03,9.810658203125000000e+03
1.423032200000000103e+03,1.026159179687500000e+04
1.423034699999999930e+03,1.005565820312500000e+04
1.423037100000000009e+03,1.006549121093750000e+04
1.423039600000000064e+03,9.859462890625000000e+03
1.423041999999999916e+03,1.022558789062500000e+04
1.423044399999999996e+03,9.837823242187500000e+03
1.423046900000000051e+03,1.010226562500000000e+04
1.423049299999999903e+03,9.937632812500000000e+03
1.423051799999999957e+03,1.020226171875000000e+04
1.423054200000000037e+03,1.041120898437500000e+04
1.423056599999999889e+03,9.879643554687500000e+03
1.423059099999999944e+03,1.007938671875000000e+04
1.423061500000000024e+03,9.611877929687500000e+03
1.423064000000000078e+03,9.923027343750000000e+03
1.423066399999999931e+03,9.932197265625000000e+03
1.423068800000000010e+03,1.014956542968750000e+04
1.423071300000000065e+03,9.935602539062500000e+03
1.423073699999999917e+03,9.820666015625000000e+03
1.423076199999999972e+03,1.022012988281250000e+04
1.423078600000000051e+03,9.757272460937500000e+03
1.423081100000000106e+03,9.977054687500000000e+03
1.423083499999999958e+03,1.007036816406250000e+04
1.423085900000000038e+03,1.030008496093750000e+04
1.423088400000000092e+03,1.026402343750000000e+04
1.423090799999999945e+03,1.023488085937500000e+04
1.423093299999999999e+03,9.859646484375000000e+03
1.423095700000000079e+03,1.010966992187500000e+04
1.423098099999999931e+03,9.937166015625000000e+03
1.423100599999999986e+03,9.664122070312500000e+03
1.423103000000000065e+03,1.014500683593750000e+04
1.423105499999999893e+03,9.664108398437500000e+03
1.423107899999999972e+03,9.912223632812500000e+03
1.423110400000000027e+03,1.025358398437500000e+04
1.423112800000000107e+03,1.048809277343750000e+04
1.423115199999999959e+03,1.001787011718750000e+04
1.423117700000000013e+03,9.651569335937500000e+03
1.423120100000000093e+03,1.019671972656250000e+04
1.423122599999999920e+03,9.711390625000000000e+03
1.423125000000000000e+03,1.007242285156250000e+04
1.423127400000000080e+03,9.711615234375000000e+03
1.423129899999999907e+03,9.972945312500000000e+03
1.423132299999999987e+03,9.790882812500000000e+03
1.423134800000000041e+03,9.888294921875000000e+03
1.423137199999999893e+03,1.016929199218750000e+04
1.423139599999999973e+03,9.713195312500000000e+03
1.423142100000000028e+03,1.015863671875000000e+04
1.423144500000000107e+03,1.012710449218750000e+04
1.423146999999999935e+03,1.012346386718750000e+04
1.423149400000000014e+03,1.008371289062500000e+04
1.423151900000000069e+03,9.985162109375000000e+03
1.423154299999999921e+03,1.004793554687500000e+04
1.423156700000000001e+03,1.018107519531250000e+04
1.423159200000000055e+03,9.749124023437500000e+03
1.423161599999999908e+03,9.707618164062500000e+03
1.423164099999999962e+03,9.938431640625000000e+03
1.423166500000000042e+03,9.906856445312500000e+03
1.423168899999999894e+03,9.983372070312500000e+03
1.423171399999999949e+03,1.005150097656250000e+04
1.423173800000000028e+03,1.026226855468750000e+04
1.423176300000000083e+03,1.028413769531250000e+04
1.423178699999999935e+03,9.559279296875000000e+03
1.423181199999999990e+03,9.773880859375000000e+03
1.423183600000000069e+03,1.002483984375000000e+04
1.423185999999999922e+03,1.025349023437500000e+04
1.423188499999999976e+03,9.588304687500000000e+03
1.423190900000000056e+03,9.919562500000000000e+03
1.423193400000000111e+03,1.001661914062500000e+04
1.423195799999999963e+03,1.000757617187500000e+04
1.423198200000000043e+03,1.035600390625000000e+04
1.423200700000000097e+03,9.807867187500000000e+03
1.423203099999999949e+03,1.021992480468750000e+04
1.423205600000000004e+03,1.005692089843750000e+04
1.423208000000000084e+03,1.019656347656250000e+04
1.423210399999999936e+03,1.014462792968750000e+04
1.423212899999999991e+03,1.011777246093750000e+04
1.423215300000000070e+03,1.034784765625000000e+04
1.423217799999999897e+03,1.002106640625000000e+04
1.423220199999999977e+03,9.498253906250000000e+03
1.423222700000000032e+03,9.933691406250000000e+03
1.423225100000000111e+03,1.010679296875000000e+04
1.423227499999999964e+03,9.644717773437500000e+03
1.423230000000000018e+03,9.914626953125000000e+03
1.423232400000000098e+03,9.747609375000000000e+03
1.423234899999999925e+03,1.003844628906250000e+04
1.423237300000000005e+03,1.015265527343750000e+04
1.423239700000000084e+03,1.007824707031250000e+04
1.423242199999999912e+03,9.785505859375000000e+03
1.423244599999999991e+03,9.998498046875000000e+03
1.423247100000000046e+03,1.003069531250000000e+04
1.423249499999999898e+03,9.683882812500000000e+03
1.423251999999999953e+03,9.825814453125000000e+03
1.423254400000000032e+03,1.026738085937500000e+04
1.423256800000000112e+03,9.994083984375000000e+03
1.423259299999999939e+03,9.833080078125000000e+03
1.423261700000000019e+03,9.974744140625000000e+03
1.423264200000000073e+03,9.660295898437500000e+03
1.423266599999999926e+03,1.021993261718750000e+04
1.423269000000000005e+03,9.962243164062500000e+03
1.423271500000000060e+03,9.843479492187500000e+03
1.423273899999999912e+03,1.011842968750000000e+04
1.423276399999999967e+03,1.038809667968750000e+04
1.423278800000000047e+03,1.023338183593750000e+04
1.423281199999999899e+03,9.643989257812500000e+03
1.423283699999999953e+03,9.850083984375000000e+03
1.423286100000000033e+03,9.826840820312500000e+03
1.423288600000000088e+03,9.846053710937500000e+03
1.423290999999999940e+03,9.758692382812500000e+03
1.423293499999999995e+03,1.004134960937500000e+04
1.423295900000000074e+03,9.934662109375000000e+03
1.423298299999999927e+03,9.751667968750000000e+03
1.423300799999999981e+03,9.532847656250000000e+03
1.423303200000000061e+03,9.645918945312500000e+03
1.423305699999999888e+03,1.042020800781250000e+04
1.423308099999999968e+03,1.000042675781250000e+04
1.423310500000000047e+03,1.008413574218750000e+04
1.423313000000000102e+03,1.039152050781250000e+04
1.423315399999999954e+03,9.913779296875000000e+03
1.423317900000000009e+03,1.011775878906250000e+04
1.423320300000000088e+03,1.010911718750000000e+04
1.423322799999999916e+03,1.030664355468750000e+04
1.423325199999999995e+03,1.037958496093750000e+04
1.423327600000000075e+03,9.971838867187500000e+03
1.423330099999999902e+03,9.311333007812500000e+03
1.423332499999999982e+03,9.976038085937500000e+03
1.423335000000000036e+03,9.781006835937500000e+03
1.423337399999999889e+03,9.678933593750000000e+03
1.423339799999999968e+03,9.840955078125000000e+03
1.423342300000000023e+03,1.009760644531250000e+04
1.423344700000000103e+03,9.947101562500000000e+03
1.423347199999999930e+03,9.863390625000000000e+03
1.423349600000000009e+03,9.965178710937500000e+03
1.423352100000000064e+03,9.620632812500000000e+03
1.423354499999999916e+03,9.867311523437500000e+03
1.423356899999999996e+03,1.001820800781250000e+04
1.423359400000000051e+03,9.766835937500000000e+03
1.423361799999999903e+03,9.499665039062500000e+03
1.423364299999999957e+03,9.448751953125000000e+03
1.423366700000000037e+03,1.039048339843750000e+04
1.423369099999999889e+03,9.849875976562500000e+03
1.423371599999999944e+03,1.014393945312500000e+04
1.423374000000000024e+03,9.899762695312500000e+03
1.423376500000000078e+03,1.006999218750000000e+04
1.423378899999999931e+03,1.002905078125000000e+04
1.423381300000000010e+03,9.921216796875000000e+03
1.423383800000000065e+03,1.007306738281250000e+04
1.423386199999999917e+03,1.009267773437500000e+04
1.423388699999999972e+03,9.729265625000000000e+03
1.423391100000000051e+03,1.022822265625000000e+04
1.423393600000000106e+03,9.872632812500000000e+03
1.423395999999999958e+03,9.726603515625000000e+03
1.423398400000000038e+03,1.007623437500000000e+04
1.423400900000000092e+03,9.796351562500000000e+03
1.423403299999999945e+03,9.808615234375000000e+03
1.423405799999999999e+03,9.819574218750000000e+03
1.423408200000000079e+03,1.008695214843750000e+04
1.423410599999999931e+03,9.662425781250000000e+03
1.423413099999999986e+03,1.030569628906250000e+04
1.423415500000000065e+03,9.802631835937500000e+03
1.423417999999999893e+03,9.942252929687500000e+03
1.423420399999999972e+03,9.886861328125000000e+03
1.423422900000000027e+03,1.000732617187500000e+04
1.423425300000000107e+03,1.000020312500000000e+04
1.423427699999999959e+03,1.006899902343750000e+04
1.423430200000000013e+03,1.001412011718750000e+04
1.423432600000000093e+03,9.895979492187500000e+03
1.423435099999999920e+03,9.236044921875000000e+03
1.423437500000000000e+03,9.800087890625000000e+03
1.423439900000000080e+03,9.781282226562500000e+03
1.423442399999999907e+03,9.860840820312500000e+03
1.423444799999999987e+03,1.007611328125000000e+04
1.423447300000000041e+03,9.989149414062500000e+03
1.423449699999999893e+03,9.742797851562500000e+03
1.423452099999999973e+03,1.005112890625000000e+04
1.423454600000000028e+03,9.571499023437500000e+03
1.423457000000000107e+03,9.956702148437500000e+03
1.423459499999999935e+03,9.980208984375000000e+03
1.423461900000000014e+03,1.016299121093750000e+04
1.423464400000000069e+03,9.727937500000000000e+03
1.423466799999999921e+03,1.016820605468750000e+04
1.423469200000000001e+03,1.006075292968750000e+04
1.423471700000000055e+03,9.454481445312500000e+03
1.423474099999999908e+03,1.011700585937500000e+04
1.423476599999999962e+03,1.023262890625000000e+04
1.423479000000000042e+03,9.951764648437500000e+03
1.423481399999999894e+03,1.014204687500000000e+04
1.423483899999999949e+03,1.023555175781250000e+04
1.423486300000000028e+03,9.832754882812500000e+03
1.423488800000000083e+03,1.004179589843750000e+04
1.423491199999999935e+03,9.949989257812500000e+03
1.423493699999999990e+03,1.013388085937500000e+04
1.423496100000000069e+03,9.636555664062500000e+03
1.423498499999999922e+03,1.004282714843750000e+04
1.423500999999999976e+03,9.442424804687500000e+03
1.423503400000000056e+03,9.729076171875000000e+03
1.423505900000000111e+03,1.013482324218750000e+04
1.423508299999999963e+03,9.779745117187500000e+03
1.423510700000000043e+03,9.667511718750000000e+03
1.423513200000000097e+03,1.007003417968750000e+04
1.423515599999999949e+03,9.847929687500000000e+03
1.423518100000000004e+03,9.762030273437500000e+03
1.423520500000000084e+03,1.008131835937500000e+04
1.423522899999999936e+03,1.002515722656250000e+04
1.423525399999999991e+03,9.807853515625000000e+03
1.423527800000000070e+03,1.002868750000000000e+04
1.423530299999999897e+03,9.679425781250000000e+03
1.423532699999999977e+03,9.833138671875000000e+03
1.423535200000000032e+03,1.014241992187500000e+04
1.423537600000000111e+03,1.009123339843750000e+04
1.423539999999999964e+03,9.811015625000000000e+03
1.423542500000000018e+03,1.021474414062500000e+04
1.423544900000000098e+03,1.001295019531250000e+04
1.423547399999999925e+03,9.854010742187500000e+03
1.423549800000000005e+03,1.008374804687500000e+04
1.423552200000000084e+03,1.006038964843750000e+04
1.423554699999999912e+03,9.720356445312500000e+03
1.423557099999999991e+03,1.003543164062500000e+04
1.423559600000000046e+03,9.762965820312500000e+03
1.423561999999999898e+03,9.835366210937500000e+03
1.423564499999999953e+03,9.836735351562500000e+03
1.423566900000000032e+03,9.941572265625000000e+03
1.423569300000000112e+03,9.495394531250000000e+03
1.423571799999999939e+03,1.030926171875000000e+04
1.423574200000000019e+03,9.899832031250000000e+03
1.423576700000000073e+03,1.018428515625000000e+04
1.423579099999999926e+03,9.990941406250000000e+03
1.423581500000000005e+03,1.004346972656250000e+04
1.423584000000000060e+03,1.002290234375000000e+04
1.423586399999999912e+03,1.009366113281250000e+04
1.423588899999999967e+03,1.004624316406250000e+04
1.423591300000000047e+03,1.005807519531250000e+04
1.423593800000000101e+03,1.020931835937500000e+04
1.423596199999999953e+03,9.802734375000000000e+03
1.423598600000000033e+03,1.012795800781250000e+04
1.423601100000000088e+03,1.036802246093750000e+04
1.423603499999999940e+03,9.808024414062500000e+03
1.423605999999999995e+03,1.018094140625000000e+04
1.423608400000000074e+03,9.929330078125000000e+03
1.423610799999999927e+03,9.833072265625000000e+03
1.423613299999999981e+03,1.024871484375000000e+04
1.423615700000000061e+03,9.788381835937500000e+03
1.423618199999999888e+03,9.831254882812500000e+03
1.423620599999999968e+03,1.022540820312500000e+04
1.423623000000000047e+03,1.021157031250000000e+04
1.423625500000000102e+03,1.014789941406250000e+04
1.423627899999999954e+03,9.898692382812500000e+03
1.423630400000000009e+03,1.011434375000000000e+04
1.423632800000000088e+03,1.021348437500000000e+04
1.423635299999999916e+03,9.840217773437500000e+03
1.423637699999999995e+03,9.938118164062500000e+03
1.423640100000000075e+03,9.877833007812500000e+03
1.423642599999999902e+03,9.656038085937500000e+03
1.423644999999999982e+03,9.684608398437500000e+03
1.423647500000000036e+03,9.796990234375000000e+03
1.423649899999999889e+03,9.842542968750000000e+03
1.423652299999999968e+03,1.000029492187500000e+04
1.423654800000000023e+03,1.005326660156250000e+04
1.423657200000000103e+03,9.908588867187500000e+03
1.423659699999999930e+03,1.008561816406250000e+04
1.423662100000000009e+03,1.004685253906250000e+04
1.423664600000000064e+03,9.634439453125000000e+03
1.423666999999999916e+03,9.987838867187500000e+03
1.423669399999999996e+03,1.008076660156250000e+04
1.423671900000000051e+03,9.861442382812500000e+03
1.423674299999999903e+03,9.669295898437500000e+03
1.423676799999999957e+03,9.847492187500000000e+03
1.423679200000000037e+03,1.003482617187500000e+04
1.423681599999999889e+03,9.741688476562500000e+03
1.423684099999999944e+03,9.719330078125000000e+03
1.423686500000000024e+03,1.011514355468750000e+04
1.423689000000000078e+03,1.007377734375000000e+04
1.423691399999999931e+03,9.798356445312500000e+03
1.423693800000000010e+03,9.823515625000000000e+03
1.423696300000000065e+03,1.002874609375000000e+04
1.423698699999999917e+03,9.742729492187500000e+03
1.423701199999999972e+03,1.039522851562500000e+04
1.423703600000000051e+03,9.540016601562500000e+03
1.423706100000000106e+03,9.659863281250000000e+03
1.423708499999999958e+03,1.001572070312500000e+04
1.423710900000000038e+03,1.042948632812500000e+04
1.423713400000000092e+03,1.006337402343750000e+04
1.423715799999999945e+03,1.025085644531250000e+04
1.423718299999999999e+03,9.886410156250000000e+03
1.423720700000000079e+03,9.844306640625000000e+03
1.423723099999999931e+03,1.010491308593750000e+04
1.423725599999999986e+03,9.830454101562500000e+03
1.423728000000000065e+03,9.885675781250000000e+03
1.423730499999999893e+03,1.037301757812500000e+04
1.423732899999999972e+03,9.713591796875000000e+03
1.423735400000000027e+03,9.990146484375000000e+03
1.423737800000000107e+03,9.877231445312500000e+03
1.423740199999999959e+03,1.016650585937500000e+04
1.423742700000000013e+03,1.000557226562500000e+04
1.423745100000000093e+03,9.846554687500000000e+03
1.423747599999999920e+03,9.692435546875000000e+03
1.423750000000000000e+03,9.893964843750000000e+03
1.423752400000000080e+03,9.892367187500000000e+03
1.423754899999999907e+03,1.001603613281250000e+04
1.423757299999999987e+03,9.928840820312500000e+03
1.423759800000000041e+03,9.817118164062500000e+03
1.423762199999999893e+03,1.030482226562500000e+04
1.423764599999999973e+03,1.032463574218750000e+04
1.423767100000000028e+03,9.805066406250000000e+03
1.423769500000000107e+03,9.892458984375000000e+03
1.423771999999999935e+03,9.850299804687500000e+03
1.423774400000000014e+03,1.010733984375000000e+04
1.423776900000000069e+03,9.840561523437500000e+03
1.423779299999999921e+03,9.837161132812500000e+03
1.423781700000000001e+03,1.012380273437500000e+04
1.423784200000000055e+03,9.929579101562500000e+03
1.423786599999999908e+03,1.018216503906250000e+04
1.423789099999999962e+03,9.914885742187500000e+03
1.423791500000000042e+03,9.920729492187500000e+03
1.423793899999999894e+03,1.027090722656250000e+04
1.423796399999999949e+03,9.978646484375000000e+03
1.423798800000000028e+03,1.017296875000000000e+04
1.423801300000000083e+03,1.025558886718750000e+04
1.423803699999999935e+03,9.889611328125000000e+03
1.423806199999999990e+03,9.951633789062500000e+03
1.423808600000000069e+03,1.020468652343750000e+04
1.423810999999999922e+03,1.017618457031250000e+04
1.423813499999999976e+03,1.045840722656250000e+04
1.423815900000000056e+03,9.999281250000000000e+03
1.423818400000000111e+03,1.029265136718750000e+04
1.423820799999999963e+03,9.676531250000000000e+03
1.423823200000000043e+03,1.020484375000000000e+04
1.423825700000000097e+03,1.041015722656250000e+04
1.423828099999999949e+03,9.977258789062500000e+03
1.423830600000000004e+03,1.049295117187500000e+04
1.423833000000000084e+03,9.754892578125000000e+03
1.423835399999999936e+03,1.022430371093750000e+04
1.423837899999999991e+03,1.014950390625000000e+04
1.423840300000000070e+03,9.970626953125000000e+03
1.423842799999999897e+03,1.017895605468750000e+04
1.423845199999999977e+03,1.027375488281250000e+04
1.423847700000000032e+03,9.841927734375000000e+03
1.423850100000000111e+03,9.957645507812500000e+03
1.423852499999999964e+03,1.036653222656250000e+04
1.423855000000000018e+03,1.047660351562500000e+04
1.423857400000000098e+03,1.020562304687500000e+04
1.423859899999999925e+03,1.060162890625000000e+04
1.423862300000000005e+03,1.026511035156250000e+04
1.423864700000000084e+03,9.917867187500000000e+03
1.423867199999999912e+03,1.021997851562500000e+04
1.423869599999999991e+03,1.012251464843750000e+04
1.423872100000000046e+03,1.020267578125000000e+04
1.423874499999999898e+03,1.010133007812500000e+04
1.423876999999999953e+03,1.013592089843750000e+04
1.423879400000000032e+03,1.047133105468750000e+04
1.423881800000000112e+03,1.046307324218750000e+04
1.423884299999999939e+03,1.031109570312500000e+04
1.423886700000000019e+03,1.045936230468750000e+04
1.423889200000000073e+03,1.013502441406250000e+04
1.423891599999999926e+03,1.025862597656250000e+04
1.423894000000000005e+03,9.924333984375000000e+03
1.423896500000000060e+03,1.018131640625000000e+04
1.423898899999999912e+03,1.014760449218750000e+04
1.423901399999999967e+03,1.020390527343750000e+04
1.423903800000000047e+03,1.028890136718750000e+04
1.423906199999999899e+03,1.037033300781250000e+04
1.423908699999999953e+03,1.028206347656250000e+04
1.423911100000000033e+03,1.003163671875000000e+04
1.423913600000000088e+03,9.761030273437500000e+03
1.423915999999999940e+03,1.057212109375000000e+04
1.423918499999999995e+03,1.079546972656250000e+04
1.423920900000000074e+03,1.020983593750000000e+04
1.423923299999999927e+03,1.034910644531250000e+04
1.423925799999999981e+03,1.019617285156250000e+04
1.423928200000000061e+03,1.038731250000000000e+04
1.423930699999999888e+03,1.042852734375000000e+04
1.423933099999999968e+03,1.033879101562500000e+04
1.423935500000000047e+03,1.026013867187500000e+04
1.423938000000000102e+03,1.020427539062500000e+04
1.423940399999999954e+03,1.043472167968750000e+04
1.423942900000000009e+03,1.054191503906250000e+04
1.423945300000000088e+03,1.011573535156250000e+04
1.423947799999999916e+03,1.027711621093750000e+04
1.423950199999999995e+03,1.099226757812500000e+04
1.423952600000000075e+03,1.046003320312500000e+04
1.423955099999999902e+03,1.048328125000000000e+04
1.423957499999999982e+03,1.056498828125000000e+04
1.423960000000000036e+03,1.046067773437500000e+04
1.423962399999999889e+03,1.092955468750000000e+04
1.423964799999999968e+03,1.084322558593750000e+04
1.423967300000000023e+03,1.063109570312500000e+04
1.423969700000000103e+03,1.057238378906250000e+04
1.423972199999999930e+03,1.054856542968750000e+04
1.423974600000000009e+03,1.057411621093750000e+04
1.423977100000000064e+03,1.049768359375000000e+04
1.423979499999999916e+03,1.049019335937500000e+04
1.423981899999999996e+03,1.045563183593750000e+04
1.423984400000000051e+03,1.072415917968750000e+04
1.423986799999999903e+03,1.056544921875000000e+04
1.423989299999999957e+03,1.091006152343750000e+04
1.423991700000000037e+03,1.043205761718750000e+04
1.423994099999999889e+03,1.030251953125000000e+04
1.423996599999999944e+03,1.057923144531250000e+04
1.423999000000000024e+03,1.077735351562500000e+04
1.424001500000000078e+03,1.070709863281250000e+04
1.424003899999999931e+03,1.087514941406250000e+04
1.424006300000000010e+03,1.050712792968750000e+04
1.424008800000000065e+03,1.063947753906250000e+04
1.424011199999999917e+03,1.085373730468750000e+04
1.424013699999999972e+03,1.074489746093750000e+04
1.424016100000000051e+03,1.073036132812500000e+04
1.424018600000000106e+03,1.080639257812500000e+04
1.424020999999999958e+03,1.105488281250000000e+04
1.424023400000000038e+03,1.082172265625000000e+04
1.424025900000000092e+03,1.052275976562500000e+04
1.424028299999999945e+03,1.086118750000000000e+04
1.424030799999999999e+03,1.099160644531250000e+04
1.424033200000000079e+03,1.073574707031250000e+04
1.424035599999999931e+03,1.084396484375000000e+04
1.424038099999999986e+03,1.102416894531250000e+04
1.424040500000000065e+03,1.101201855468750000e+04
1.424042999999999893e+03,1.105692675781250000e+04
1.424045399999999972e+03,1.105833691406250000e+04
1.424047900000000027e+03,1.095132421875000000e+04
1.424050300000000107e+03,1.088771972656250000e+04
1.424052699999999959e+03,1.117806933593750000e+04
1.424055200000000013e+03,1.088250976562500000e+04
1.424057600000000093e+03,1.095779492187500000e+04
1.424060099999999920e+03,1.119199023437500000e+04
1.424062500000000000e+03,1.168313964843750000e+04
1.424064900000000080e+03,1.144378906250000000e+04
1.424067399999999907e+03,1.150216406250000000e+04
1.424069799999999987e+03,1.107478027343750000e+04
1.424072300000000041e+03,1.093855664062500000e+04
1.424074699999999893e+03,1.128352246093750000e+04
1.424077099999999973e+03,1.113026757812500000e+04
1.424079600000000028e+03,1.159758789062500000e+04
1.424082000000000107e+03,1.110811718750000000e+04
1.424084499999999935e+03,1.186435058593750000e+04
1.424086900000000014e+03,1.099095898437500000e+04
1.424089400000000069e+03,1.159254003906250000e+04
1.424091799999999921e+03,1.141811132812500000e+04
1.424094200000000001e+03,1.174288183593750000e+04
1.424096700000000055e+03,1.163868652343750000e+04
1.424099099999999908e+03,1.193215722656250000e+04
1.424101599999999962e+03,1.206619824218750000e+04
1.424104000000000042e+03,1.151765429687500000e+04
1.424106399999999894e+03,1.146206835937500000e+04
1.424108899999999949e+03,1.183025000000000000e+04
1.424111300000000028e+03,1.177617871093750000e+04
1.424113800000000083e+03,1.172262402343750000e+04
1.424116199999999935e+03,1.175729394531250000e+04
1.424118699999999990e+03,1.191263867187500000e+04
1.424121100000000069e+03,1.203442480468750000e+04
1.424123499999999922e+03,1.188086816406250000e+04
1.424125999999999976e+03,1.211843554687500000e+04
1.424128400000000056e+03,1.188603027343750000e+04
1.424130900000000111e+03,1.164703613281250000e+04
1.424133299999999963e+03,1.187600878906250000e+04
1.424135700000000043e+03,1.187130468750000000e+04
1.424138200000000097e+03,1.260185937500000000e+04
1.424140599999999949e+03,1.230036621093750000e+04
1.424143100000000004e+03,1.229037792968750000e+04
1.424145500000000084e+03,1.223002148437500000e+04
1.424147899999999936e+03,1.236990917968750000e+04
1.424150399999999991e+03,1.222167675781250000e+04
1.424152800000000070e+03,1.253423925781250000e+04
1.424155299999999897e+03,1.242548437500000000e+04
1.424157699999999977e+03,1.264282714843750000e+04
1.424160200000000032e+03,1.292443750000000000e+04
1.424162600000000111e+03,1.233341406250000000e+04
1.424164999999999964e+03,1.259911328125000000e+04
1.424167500000000018e+03,1.275511328125000000e+04
1.424169900000000098e+03,1.265013671875000000e+04
1.424172399999999925e+03,1.298551953125000000e+04
1.424174800000000005e+03,1.261084472656250000e+04
1.424177200000000084e+03,1.280995117187500000e+04
1.424179699999999912e+03,1.294107714843750000e+04
1.424182099999999991e+03,1.280520214843750000e+04
1.424184600000000046e+03,1.291235644531250000e+04
1.424186999999999898e+03,1.321322753906250000e+04
1.424189499999999953e+03,1.298146093750000000e+04
1.424191900000000032e+03,1.311289843750000000e+04
1.424194300000000112e+03,1.339935156250000000e+04
1.424196799999999939e+03,1.288531738281250000e+04
1.424199200000000019e+03,1.261773828125000000e+04
1.424201700000000073e+03,1.351954687500000000e+04
1.424204099999999926e+03,1.412181152343750000e+04
1.424206500000000005e+03,1.334231152343750000e+04
1.424209000000000060e+03,1.349506445312500000e+04
1.424211399999999912e+03,1.365769726562500000e+04
1.424213899999999967e+03,1.383270996093750000e+04
1.424216300000000047e+03,1.384304687500000000e+04
1.424218800000000101e+03,1.392355859375000000e+04
1.424221199999999953e+03,1.428046582031250000e+04
1.424223600000000033e+03,1.363710742187500000e+04
1.424226100000000088e+03,1.408020019531250000e+04
1.424228499999999940e+03,1.389783886718750000e+04
1.424230999999999995e+03,1.378217480468750000e+04
1.424233400000000074e+03,1.377559082031250000e+04
1.424235799999999927e+03,1.469413574218750000e+04
1.424238299999999981e+03,1.466652832031250000e+04
1.424240700000000061e+03,1.432208300781250000e+04
1.424243199999999888e+03,1.468071386718750000e+04
1.424245599999999968e+03,1.477320117187500000e+04
1.424248000000000047e+03,1.464455078125000000e+04
1.424250500000000102e+03,1.464890917968750000e+04
1.424252899999999954e+03,1.512078515625000000e+04
1.424255400000000009e+03,1.418253808593750000e+04
1.424257800000000088e+03,1.461083496093750000e+04
1.424260299999999916e+03,1.447700000000000000e+04
1.424262699999999995e+03,1.450768652343750000e+04
1.424265100000000075e+03,1.473449804687500000e+04
1.424267599999999902e+03,1.468725781250000000e+04
1.424269999999999982e+03,1.475870898437500000e+04
1.424272500000000036e+03,1.527102734375000000e+04
1.424274899999999889e+03,1.522255859375000000e+04
1.424277299999999968e+03,1.499229296875000000e+04
1.424279800000000023e+03,1.490257617187500000e+04
1.424282200000000103e+03,1.524061425781250000e+04
1.424284699999999930e+03,1.541066992187500000e+04
1.424287100000000009e+03,1.588347070312500000e+04
1.424289600000000064e+03,1.536376757812500000e+04
1.424291999999999916e+03,1.549580761718750000e+04
1.424294399999999996e+03,1.556258691406250000e+04
1.424296900000000051e+03,1.514377636718750000e+04
1.424299299999999903e+03,1.585874121093750000e+04
1.424301799999999957e+03,1.612539648437500000e+04
1.424304200000000037e+03,1.578238574218750000e+04
1.424306599999999889e+03,1.597611718750000000e+04
1.424309099999999944e+03,1.534992285156250000e+04
1.424311500000000024e+03,1.570906054687500000e+04
1.424314000000000078e+03,1.560668359375000000e+04
1.424316399999999931e+03,1.579899804687500000e+04
1.424318800000000010e+03,1.629121875000000000e+04
1.424321300000000065e+03,1.587457324218750000e+04
1.424323699999999917e+03,1.598213281250000000e+04
1.424326199999999972e+03,1.599464648437500000e+04
1.424328600000000051e+03,1.553377441406250000e+04
1.424331100000000106e+03,1.594296484375000000e+04
1.424333499999999958e+03,1.536964453125000000e+04
1.424335900000000038e+03,1.580334765625000000e+04
1.424338400000000092e+03,1.551948925781250000e+04
1.424340799999999945e+03,1.558756445312500000e+04
1.424343299999999999e+03,1.579715527343750000e+04
1.424345700000000079e+03,1.526968457031250000e+04
1.424348099999999931e+03,1.523543847656250000e+04
1.424350599999999986e+03,1.525741308593750000e+04
1.424353000000000065e+03,1.500142578125000000e+04
1.424355499999999893e+03,1.480497460937500000e+04
1.424357899999999972e+03,1.478616113281250000e+04
1.424360400000000027e+03,1.507916796875000000e+04
1.424362800000000107e+03,1.419527050781250000e+04
1.424365199999999959e+03,1.458272363281250000e+04
1.424367700000000013e+03,1.470583886718750000e+04
1.424370100000000093e+03,1.413532519531250000e+04
1.424372599999999920e+03,1.383120800781250000e+04
1.424375000000000000e+03,1.332929687500000000e+04
1.424377400000000080e+03,1.352563867187500000e+04
1.424379899999999907e+03,1.386353320312500000e+04
1.424382299999999987e+03,1.355731542968750000e+04
1.424384800000000041e+03,1.314600683593750000e+04
1.424387199999999893e+03,1.295978515625000000e+04
1.424389599999999973e+03,1.282992285156250000e+04
1.424392100000000028e+03,1.198907226562500000e+04
1.424394500000000107e+03,1.236938085937500000e+04
1.424396999999999935e+03,1.185829785156250000e+04
1.424399400000000014e+03,1.129055371093750000e+04
1.424401900000000069e+03,1.098920019531250000e+04
1.424404299999999921e+03,1.102353613281250000e+04
1.424406700000000001e+03,1.078968945312500000e+04
1.424409200000000055e+03,1.064542773437500000e+04
1.424411599999999908e+03,1.005514257812500000e+04
1.424414099999999962e+03,1.015626269531250000e+04
1.424416500000000042e+03,9.632566406250000000e+03
1.424418899999999894e+03,9.288354492187500000e+03
1.424421399999999949e+03,9.030193359375000000e+03
1.424423800000000028e+03,8.558874023437500000e+03
1.424426300000000083e+03,8.309956054687500000e+03
1.424428699999999935e+03,8.272363281250000000e+03
1.424431199999999990e+03,7.844680175781250000e+03
1.424433600000000069e+03,7.334137695312500000e+03
1.424435999999999922e+03,7.254787109375000000e+03
1.424438499999999976e+03,6.950027343750000000e+03
1.424440900000000056e+03,6.746269531250000000e+03
1.424443400000000111e+03,6.486439941406250000e+03
1.424445799999999963e+03,6.614224121093750000e+03
1.424448200000000043e+03,6.210278320312500000e+03
1.424450700000000097e+03,5.814730468750000000e+03
1.424453099999999949e+03,5.468613769531250000e+03
1.424455600000000004e+03,5.491714843750000000e+03
1.424458000000000084e+03,5.142347167968750000e+03
1.424460399999999936e+03,4.950532226562500000e+03
1.424462899999999991e+03,4.921919433593750000e+03
1.424465300000000070e+03,4.547658203125000000e+03
1.424467799999999897e+03,4.256924316406250000e+03
1.424470199999999977e+03,3.979032714843750000e+03
1.424472700000000032e+03,3.966882812500000000e+03
1.424475100000000111e+03,3.757206054687500000e+03
1.424477499999999964e+03,3.697769287109375000e+03
1.424480000000000018e+03,3.426110107421875000e+03
1.424482400000000098e+03,3.354994628906250000e+03
1.424484899999999925e+03,3.133352783203125000e+03
1.424487300000000005e+03,3.001129638671875000e+03
1.424489700000000084e+03,2.839966552734375000e+03
1.424492199999999912e+03,2.694665771484375000e+03
1.424494599999999991e+03,2.669282470703125000e+03
1.424497100000000046e+03,2.621458496093750000e+03
1.424499499999999898e+03,2.288434326171875000e+03
1.424501999999999953e+03,2.186161376953125000e+03
1.424504400000000032e+03,2.102734619140625000e+03
1.424506800000000112e+03,1.985363037109375000e+03
1.424509299999999939e+03,1.939597656250000000e+03
1.424511700000000019e+03,1.767989746093750000e+03
1.424514200000000073e+03,1.740510253906250000e+03
1.424516599999999926e+03,1.583575439453125000e+03
1.424519000000000005e+03,1.522113037109375000e+03
1.424521500000000060e+03,1.425903076171875000e+03
1.424523899999999912e+03,1.384254150390625000e+03
1.424526399999999967e+03,1.282461547851562500e+03
1.424528800000000047e+03,1.211149169921875000e+03
1.424531199999999899e+03,1.163966430664062500e+03
1.424533699999999953e+03,1.082639160156250000e+03
1.424536100000000033e+03,1.033123779296875000e+03
1.424538600000000088e+03,9.972296752929687500e+02
1.424540999999999940e+03,9.119340209960937500e+02
1.424543499999999995e+03,8.966326293945312500e+02
1.424545900000000074e+03,8.157965698242187500e+02
1.424548299999999927e+03,7.969212036132812500e+02
1.424550799999999981e+03,7.586298217773437500e+02
1.424553200000000061e+03,7.210839843750000000e+02
1.424555699999999888e+03,6.549827880859375000e+02
1.424558099999999968e+03,6.266473999023437500e+02
1.424560500000000047e+03,6.085106201171875000e+02
1.424563000000000102e+03,5.638261108398437500e+02
1.424565399999999954e+03,5.286213989257812500e+02
1.424567900000000009e+03,5.060339050292968750e+02
1.424570300000000088e+03,4.811263122558593750e+02
1.424572799999999916e+03,4.570932006835937500e+02
1.424575199999999995e+03,4.167314147949218750e+02
1.424577600000000075e+03,4.252287902832031250e+02
1.424580099999999902e+03,3.858919982910156250e+02
1.424582499999999982e+03,3.653066101074218750e+02
1.424585000000000036e+03,3.519794921875000000e+02
1.424587399999999889e+03,3.275147094726562500e+02
1.424589799999999968e+03,3.249035034179687500e+02
1.424592300000000023e+03,3.137008056640625000e+02
1.424594700000000103e+03,2.942879943847656250e+02
1.424597199999999930e+03,2.882264099121093750e+02
1.424599600000000009e+03,2.573434143066406250e+02
1.424602100000000064e+03,2.519149932861328125e+02
1.424604499999999916e+03,2.392541961669921875e+02
1.424606899999999996e+03,2.397505035400390625e+02
1.424609400000000051e+03,2.190249938964843750e+02
1.424611799999999903e+03,2.138598937988281250e+02
1.424614299999999957e+03,2.076430053710937500e+02
1.424616700000000037e+03,2.135637969970703125e+02
1.424619099999999889e+03,1.953975067138671875e+02
1.424621599999999944e+03,1.888619995117187500e+02
1.424624000000000024e+03,1.844355926513671875e+02
1.424626500000000078e+03,1.766681060791015625e+02
1.424628899999999931e+03,1.812886962890625000e+02
1.424631300000000010e+03,1.763795928955078125e+02
1.424633800000000065e+03,1.702082061767578125e+02
1.424636199999999917e+03,1.778188018798828125e+02
1.424638699999999972e+03,1.640668945312500000e+02
1.424641100000000051e+03,1.701269073486328125e+02
1.424643600000000106e+03,1.653132019042968750e+02
1.424645999999999958e+03,1.656898040771484375e+02
1.424648400000000038e+03,1.650693969726562500e+02
1.424650900000000092e+03,1.683410034179687500e+02
1.424653299999999945e+03,1.721777038574218750e+02
1.424655799999999999e+03,1.596811981201171875e+02
1.424658200000000079e+03,1.728972015380859375e+02
1.424660599999999931e+03,1.748934020996093750e+02
1.424663099999999986e+03,1.807178955078125000e+02
1.424665500000000065e+03,1.795401000976562500e+02
1.424667999999999893e+03,1.806703948974609375e+02
1.424670399999999972e+03,1.883390045166015625e+02
1.424672900000000027e+03,1.791325073242187500e+02
1.424675300000000107e+03,1.926027984619140625e+02
1.424677699999999959e+03,1.964302062988281250e+02
1.424680200000000013e+03,1.927792968750000000e+02
1.424682600000000093e+03,1.947734985351562500e+02
1.424685099999999920e+03,2.024286956787109375e+02
1.424687500000000000e+03,2.159299011230468750e+02
1.424689900000000080e+03,2.155050964355468750e+02
1.424692399999999907e+03,2.195377044677734375e+02
1.424694799999999987e+03,2.251660003662109375e+02
1.424697300000000041e+03,2.246490936279296875e+02
1.424699699999999893e+03,2.366743927001953125e+02
1.424702099999999973e+03,2.460267028808593750e+02
1.424704600000000028e+03,2.459187011718750000e+02
1.424707000000000107e+03,2.565105895996093750e+02
1.424709499999999935e+03,2.590628051757812500e+02
1.424711900000000014e+03,2.673504943847656250e+02
1.424714400000000069e+03,2.685324096679687500e+02
1.424716799999999921e+03,2.871506042480468750e+02
1.424719200000000001e+03,2.846029968261718750e+02
1.424721700000000055e+03,2.915895996093750000e+02
1.424724099999999908e+03,3.049419860839843750e+02
1.424726599999999962e+03,3.063532104492187500e+02
1.424729000000000042e+03,3.074584045410156250e+02
1.424731399999999894e+03,3.256109924316406250e+02
1.424733899999999949e+03,3.335750122070312500e+02
1.424736300000000028e+03,3.420797119140625000e+02
1.424738800000000083e+03,3.462279052734375000e+02
1.424741199999999935e+03,3.668588867187500000e+02
1.424743699999999990e+03,3.721824035644531250e+02
1.424746100000000069e+03,3.723128967285156250e+02
1.424748499999999922e+03,3.764642028808593750e+02
1.424750999999999976e+03,3.983558044433593750e+02
1.424753400000000056e+03,3.902886962890625000e+02
1.424755900000000111e+03,4.137326049804687500e+02
1.424758299999999963e+03,4.172510070800781250e+02
1.424760700000000043e+03,4.145469055175781250e+02
1.424763200000000097e+03,4.409317932128906250e+02
1.424765599999999949e+03,4.471966857910156250e+02
1.424768100000000004e+03,4.662496948242187500e+02
1.424770500000000084e+03,4.762640075683593750e+02
1.424772899999999936e+03,5.006940002441406250e+02
1.424775399999999991e+03,4.863380126953125000e+02
1.424777800000000070e+03,5.067243957519531250e+02
1.424780299999999897e+03,5.083533935546875000e+02
1.424782699999999977e+03,5.280104980468750000e+02
1.424785200000000032e+03,5.299506225585937500e+02
1.424787600000000111e+03,5.353870239257812500e+02
1.424789999999999964e+03,5.726591186523437500e+02
1.424792500000000018e+03,5.689885864257812500e+02
1.424794900000000098e+03,5.847971191406250000e+02
1.424797399999999925e+03,5.944118041992187500e+02
1.424799800000000005e+03,6.192125244140625000e+02
1.424802200000000084e+03,6.365288085937500000e+02
1.424804699999999912e+03,6.629614868164062500e+02
1.424807099999999991e+03,6.483206176757812500e+02
1.424809600000000046e+03,6.665919799804687500e+02
1.424811999999999898e+03,6.789478759765625000e+02
1.424814499999999953e+03,6.712542114257812500e+02
1.424816900000000032e+03,6.771719970703125000e+02
1.424819300000000112e+03,7.138800048828125000e+02
1.424821799999999939e+03,7.276151123046875000e+02
1.424824200000000019e+03,7.765667114257812500e+02
1.424826700000000073e+03,7.614739990234375000e+02
1.424829099999999926e+03,7.885800781250000000e+02
1.424831500000000005e+03,8.076173706054687500e+02
1.424834000000000060e+03,8.432844238281250000e+02
1.424836399999999912e+03,8.379790039062500000e+02
1.424838899999999967e+03,8.586278076171875000e+02
1.424841300000000047e+03,8.380778198242187500e+02
1.424843800000000101e+03,8.702078857421875000e+02
1.424846199999999953e+03,9.132905273437500000e+02
1.424848600000000033e+03,9.143845825195312500e+02
1.424851100000000088e+03,9.608060302734375000e+02
1.424853499999999940e+03,9.732985839843750000e+02
1.424855999999999995e+03,9.778735961914062500e+02
1.424858400000000074e+03,9.915925292968750000e+02
1.424860799999999927e+03,9.940358886718750000e+02
1.424863299999999981e+03,1.026316772460937500e+03
1.424865700000000061e+03,1.030443969726562500e+03
1.424868199999999888e+03,1.023543518066406250e+03
1.424870599999999968e+03,1.104856445312500000e+03
1.424873000000000047e+03,1.081025268554687500e+03
1.424875500000000102e+03,1.126253051757812500e+03
1.424877899999999954e+03,1.186403564453125000e+03
1.424880400000000009e+03,1.183447143554687500e+03
1.424882800000000088e+03,1.235306518554687500e+03
1.424885299999999916e+03,1.209697631835937500e+03
1.424887699999999995e+03,1.239557739257812500e+03
1.424890100000000075e+03,1.273475097656250000e+03
1.424892599999999902e+03,1.271662475585937500e+03
1.424894999999999982e+03,1.335060302734375000e+03
1.424897500000000036e+03,1.379685546875000000e+03
1.424899899999999889e+03,1.350865356445312500e+03
1.424902299999999968e+03,1.352010986328125000e+03
1.424904800000000023e+03,1.426671997070312500e+03
1.424907200000000103e+03,1.325951171875000000e+03
1.424909699999999930e+03,1.385382202148437500e+03
1.424912100000000009e+03,1.509488037109375000e+03
1.424914600000000064e+03,1.467120727539062500e+03
1.424916999999999916e+03,1.497441894531250000e+03
1.424919399999999996e+03,1.480890014648437500e+03
1.424921900000000051e+03,1.596755493164062500e+03
1.424924299999999903e+03,1.605200805664062500e+03
1.424926799999999957e+03,1.626700073242187500e+03
1.424929200000000037e+03,1.605005371093750000e+03
1.424931599999999889e+03,1.661689208984375000e+03
1.424934099999999944e+03,1.707046386718750000e+03
1.424936500000000024e+03,1.690725585937500000e+03
1.424939000000000078e+03,1.728954345703125000e+03
1.424941399999999931e+03,1.762168212890625000e+03
1.424943800000000010e+03,1.739427856445312500e+03
1.424946300000000065e+03,1.794282348632812500e+03
1.424948699999999917e+03,1.815628540039062500e+03
1.424951199999999972e+03,1.902582641601562500e+03
1.424953600000000051e+03,1.848947998046875000e+03
1.424956100000000106e+03,1.996073364257812500e+03
1.424958499999999958e+03,1.897862426757812500e+03
1.424960900000000038e+03,2.019181396484375000e+03
1.424963400000000092e+03,1.974544189453125000e+03
1.424965799999999945e+03,1.958751342773437500e+03
1.424968299999999999e+03,2.023958251953125000e+03
1.424970700000000079e+03,2.123930908203125000e+03
1.424973099999999931e+03,2.121714843750000000e+03
1.424975599999999986e+03,2.086731201171875000e+03
1.424978000000000065e+03,2.132519042968750000e+03
1.424980499999999893e+03,2.194805664062500000e+03
1.424982899999999972e+03,2.118852783203125000e+03
1.424985400000000027e+03,2.237039550781250000e+03
1.424987800000000107e+03,2.205393554687500000e+03
1.424990199999999959e+03,2.317036132812500000e+03
1.424992700000000013e+03,2.292105712890625000e+03
1.424995100000000093e+03,2.353903076171875000e+03
1.424997599999999920e+03,2.401312011718750000e+03
